1.173519 0.155765 1.077882
2.521500 0.837778 1.418889
0.479884 1.076648 1.538324
2.331419 0.551186 1.275593
2.783558 1.299132 1.649566
0.673364 0.752762 1.376381
0.455649 1.119909 1.559955
1.342971 0.051680 1.025840
1.596216 0.000646 1.000323
3.083934 1.884747 1.942373
0.972457 0.347456 1.173728
1.784732 0.045594 1.022797
1.451881 0.014124 1.007062
1.123561 0.196707 1.098354
3.134004 1.984823 1.992411
1.882071 0.096112 1.048056
1.988663 0.172086 1.086043
1.648786 0.006079 1.003040
0.827182 0.527947 1.263974
1.736793 0.027492 1.013746
0.211615 1.579922 1.789961
2.969131 1.656784 1.828392
0.587953 0.890682 1.445341
0.104465 1.791451 1.895725
0.726205 0.671927 1.335963
1.063748 0.251637 1.125818
1.199354 0.136390 1.068195
1.146865 0.177042 1.088521
2.350376 0.577582 1.288791
2.675375 1.100978 1.550489
1.345636 0.050483 1.025242
0.382302 1.253886 1.626943
2.055282 0.230170 1.115085
1.825519 0.064534 1.032267
2.713721 1.170130 1.585065
1.697247 0.015968 1.007984
2.498883 0.801267 1.400633
0.027778 1.944452 1.972226
3.040218 1.797599 1.898799
0.953506 0.369100 1.184550
3.111712 1.940247 1.970124
0.871083 0.469947 1.234973
2.738238 1.214988 1.607494
1.422000 0.022100 1.011050
1.994644 0.176973 1.088487
2.730649 1.201051 1.600525
0.162479 1.676471 1.838235
0.841714 0.508428 1.254214
1.237842 0.109838 1.054919
0.989660 0.328321 1.164160
2.578507 0.932404 1.466202
1.449457 0.014705 1.007353
0.817199 0.541536 1.270768
0.024867 1.950271 1.975136
1.553922 0.000285 1.000142
1.543404 0.000750 1.000375
1.088615 0.228029 1.114015
2.753276 1.242737 1.621369
2.690269 1.127686 1.563843
0.297398 1.413933 1.706966
2.287057 0.491468 1.245734
0.894312 0.440443 1.220221
0.679700 0.742880 1.371440
1.200746 0.135381 1.067691
2.719832 1.181264 1.590632
0.251829 1.501649 1.750825
2.897993 1.517605 1.758803
2.077122 0.250935 1.125468
0.279606 1.448045 1.724023
2.796619 1.323656 1.661828
3.030628 1.778526 1.889263
0.249725 1.505724 1.752862
0.526109 0.995655 1.497828
2.627273 1.016115 1.508058
1.671725 0.010178 1.005089
2.520753 0.836563 1.418281
2.216330 0.402442 1.201221
1.834204 0.068983 1.034492
0.220874 1.561835 1.780918
0.312579 1.384972 1.692486
2.823864 1.375181 1.687590
2.799381 1.328857 1.664428
1.762036 0.036461 1.018231
0.499470 1.042079 1.521039
2.824248 1.375909 1.687955
0.174365 1.653034 1.826517
2.042874 0.218749 1.109375
0.771270 0.605907 1.302954
2.927641 1.575354 1.787677
1.591550 0.000431 1.000215
1.068668 0.246880 1.123440
2.073106 0.247054 1.123527
2.485863 0.780524 1.390262
1.748368 0.031449 1.015724
0.132259 1.736252 1.868126
2.064101 0.238455 1.119227
2.000197 0.181569 1.090784
3.030253 1.777780 1.888890
0.999631 0.317457 1.158728
2.279803 0.481982 1.240991
2.685279 1.118716 1.559358
0.888666 0.447537 1.223768
2.529529 0.850884 1.425442
0.069795 1.860523 1.930261
0.374347 1.268670 1.634335
1.059661 0.255620 1.127810
2.590548 0.952845 1.476423
2.590677 0.953064 1.476532
2.893865 1.509597 1.754798
2.811422 1.351591 1.675795
2.903256 1.527827 1.763913
2.576137 0.928398 1.464199
2.469210 0.754296 1.377148
1.523700 0.002218 1.001109
3.075607 1.868125 1.934062
2.151865 0.328247 1.164123
1.698065 0.016175 1.008088
1.976888 0.162657 1.081328
2.923135 1.566551 1.783275
1.484113 0.007509 1.003755
0.426846 1.171996 1.585998
0.850210 0.497162 1.248581
0.415626 1.192474 1.596237
2.912709 1.546218 1.773109
2.598578 0.966561 1.483281
0.547886 0.958233 1.479116
1.835217 0.069512 1.034756
1.457182 0.012894 1.006447
0.436546 1.154376 1.577188
2.834848 1.396087 1.698043
0.595393 0.878332 1.439166
3.121825 1.960467 1.980234
0.581922 0.900739 1.450369
3.124921 1.966658 1.983329
0.050028 1.899986 1.949993
0.956269 0.365908 1.182954
1.042990 0.272172 1.136086
2.640576 1.039365 1.519682
0.405353 1.211313 1.605656
0.795262 0.571906 1.285953
2.310405 0.522535 1.261268
0.167017 1.667517 1.833759
0.229806 1.544423 1.772211
1.638022 0.004518 1.002259
1.690716 0.014364 1.007182
0.163820 1.673823 1.836911
0.648294 0.792345 1.396172
0.247189 1.510642 1.755321
2.140709 0.316104 1.158052
0.429836 1.166557 1.583278
1.731302 0.025707 1.012853
2.567555 0.913946 1.456973
1.280046 0.083942 1.041971
2.146928 0.322848 1.161424
2.338671 0.561223 1.280611
0.737031 0.655815 1.327907
2.694814 1.135875 1.567938
1.032295 0.283043 1.141522
2.194214 0.376224 1.188112
3.131360 1.979535 1.989768
0.725551 0.672904 1.336452
2.789606 1.310474 1.655237
3.111592 1.940009 1.970004
1.307473 0.068939 1.034470
2.772935 1.279272 1.639636
0.020027 1.959948 1.979974
2.263742 0.461265 1.230633
0.674332 0.751249 1.375625
2.660603 1.074687 1.537343
2.669096 1.089778 1.544889
1.469594 0.010233 1.005117
1.829415 0.066512 1.033256
2.836113 1.398498 1.699249
1.699400 0.016516 1.008258
0.325845 1.359781 1.679891
1.385236 0.034334 1.017167
1.863220 0.084904 1.042452
0.974139 0.345563 1.172782
1.632425 0.003797 1.001898
0.862336 0.481271 1.240635
1.403975 0.027765 1.013882
0.222135 1.559375 1.779688
0.288298 1.431358 1.715679
2.684021 1.116458 1.558229
2.369063 0.604102 1.302051
2.626969 1.015586 1.507793
0.279460 1.448327 1.724164
1.922285 0.122277 1.061139
0.517672 1.010283 1.505142
2.473673 0.761292 1.380646
1.912052 0.115330 1.057665
1.243223 0.106348 1.053174
2.121687 0.295882 1.147941
1.882052 0.096101 1.048050
2.550696 0.885788 1.442894
1.753029 0.033117 1.016558
1.902080 0.108748 1.054374
1.672846 0.010405 1.005203
2.427360 0.689925 1.344962
1.421090 0.022370 1.011185
1.200349 0.135669 1.067835
0.755361 0.628897 1.314448
0.108913 1.782605 1.891302
0.894869 0.439746 1.219873
2.454761 0.731819 1.365909
0.434758 1.157618 1.578809
2.280105 0.482376 1.241188
1.176388 0.153552 1.076776
1.408897 0.026154 1.013077
0.770938 0.606384 1.303192
2.038724 0.214990 1.107495
2.812872 1.354335 1.677168
0.993072 0.324584 1.162292
2.327023 0.545139 1.272569
2.355301 0.584523 1.292261
0.220543 1.562481 1.781241
1.812399 0.058088 1.029044
2.634760 1.029179 1.514590
2.142828 0.318394 1.159197
2.330071 0.549329 1.274664
1.966841 0.154812 1.077406
0.913287 0.416966 1.208483
0.431701 1.163167 1.581584
0.946935 0.376742 1.188371
2.795339 1.321248 1.660624
2.982397 1.682952 1.841476
2.699964 1.145175 1.572587
1.555826 0.000224 1.000112
1.513650 0.003265 1.001632
1.985731 0.169715 1.084857
2.976916 1.672134 1.836067
2.713999 1.170636 1.585318
2.741092 1.220242 1.610121
3.085829 1.888531 1.944265
0.467275 1.099089 1.549545
2.054260 0.229220 1.114610
0.378994 1.260027 1.630014
2.747380 1.231838 1.615919
0.089056 1.822124 1.911062
1.787891 0.046945 1.023473
0.376725 1.264245 1.632122
2.127780 0.302293 1.151147
1.459171 0.012447 1.006224
1.369798 0.040265 1.020132
1.313210 0.065985 1.032992
0.672879 0.753520 1.376760
1.590341 0.000382 1.000191
3.125609 1.968034 1.984017
0.166046 1.669431 1.834716
0.591576 0.884661 1.442330
2.314087 0.527509 1.263754
2.132887 0.307715 1.153857
1.504863 0.004346 1.002173
2.745788 1.228899 1.614449
3.079822 1.876538 1.938269
1.158609 0.167506 1.083753
2.586593 0.946113 1.473057
2.638193 1.035188 1.517594
2.714435 1.171430 1.585715
0.958650 0.363167 1.181583
1.482332 0.007821 1.003910
2.549759 0.884232 1.442116
0.531057 0.987111 1.493555
1.081832 0.234361 1.117180
2.493995 0.793456 1.396728
0.998332 0.318863 1.159432
3.136092 1.988999 1.994500
2.872990 1.469230 1.734615
0.604120 0.863925 1.431962
0.083555 1.833084 1.916542
1.519288 0.002652 1.001326
0.980845 0.338064 1.169032
2.211335 0.396453 1.198226
2.978459 1.675178 1.837589
2.350643 0.577957 1.288979
0.382953 1.252678 1.626339
0.509745 1.024090 1.512045
0.799391 0.566137 1.283068
0.366969 1.282425 1.641212
0.675791 0.748970 1.374485
1.390966 0.032252 1.016126
2.681056 1.111142 1.555571
2.808679 1.346403 1.673202
2.895829 1.513406 1.756703
2.285251 0.489099 1.244549
2.746908 1.230966 1.615483
0.912846 0.417506 1.208753
1.730251 0.025372 1.012686
2.243509 0.435731 1.217866
0.485688 1.066366 1.533183
2.688901 1.125225 1.562612
0.584248 0.896855 1.448427
3.035447 1.788107 1.894054
0.078365 1.843430 1.921715
1.666080 0.009072 1.004536
2.387850 0.631255 1.315627
1.076697 0.239208 1.119604
1.660580 0.008056 1.004028
2.119247 0.293333 1.146667
1.680816 0.012092 1.006046
1.744135 0.029971 1.014986
0.496942 1.046520 1.523260
2.661662 1.076564 1.538282
0.813878 0.546089 1.273045
0.333809 1.344712 1.672356
1.870712 0.089277 1.044639
1.196830 0.138228 1.069114
0.843554 0.505979 1.252989
2.670103 1.091572 1.545786
1.563799 0.000049 1.000024
1.519346 0.002647 1.001323
0.919477 0.409431 1.204716
1.103262 0.214635 1.107318
1.186432 0.145926 1.072963
0.673713 0.752216 1.376108
0.246921 1.511162 1.755581
0.791747 0.576836 1.288418
1.586559 0.000248 1.000124
1.977172 0.162881 1.081440
3.035256 1.787728 1.893864
2.072247 0.246228 1.123114
1.524480 0.002145 1.001072
0.477912 1.080148 1.540074
1.966102 0.154242 1.077121
1.602845 0.001027 1.000514
2.143992 0.319655 1.159828
1.212359 0.127108 1.063554
2.679542 1.108431 1.554215
0.662979 0.769065 1.384533
0.190013 1.622257 1.811129
1.218766 0.122651 1.061325
2.407114 0.659599 1.329799
0.686955 0.731628 1.365814
0.738835 0.653146 1.326573
0.079399 1.841369 1.920685
1.020764 0.294985 1.147492
2.609547 0.985405 1.492703
1.276229 0.086144 1.043072
1.864318 0.085538 1.042769
2.138057 0.313248 1.156624
2.840028 1.405971 1.702985
0.242071 1.520572 1.760286
3.057533 1.832079 1.916040
0.801697 0.562925 1.281462
1.428503 0.020213 1.010107
0.589654 0.887853 1.443927
1.048618 0.266530 1.133265
2.220250 0.407171 1.203586
2.176213 0.355469 1.177735
3.025790 1.768912 1.884456
2.113914 0.287796 1.143898
1.106867 0.211398 1.105699
1.408677 0.026225 1.013113
2.591826 0.955023 1.477511
3.072968 1.862859 1.931430
3.011523 1.740593 1.870297
1.594225 0.000549 1.000274
1.143734 0.179627 1.089813
2.549472 0.883757 1.441878
2.257203 0.452944 1.226472
1.333747 0.055930 1.027965
0.626646 0.827138 1.413569
1.522724 0.002310 1.001155
2.020703 0.199024 1.099512
1.365481 0.042007 1.021003
1.602123 0.000981 1.000491
3.041467 1.800082 1.900041
0.833435 0.519510 1.259755
2.878352 1.479578 1.739789
1.764192 0.037286 1.018643
2.971492 1.661436 1.830718
2.576787 0.929497 1.464749
2.006263 0.186654 1.093327
2.887432 1.497134 1.748567
0.236892 1.530634 1.765317
0.293173 1.422017 1.711008
0.335493 1.341530 1.670765
1.285510 0.080838 1.040419
2.513423 0.824671 1.412335
2.511706 0.821894 1.410947
1.169708 0.158727 1.079364
1.485744 0.007229 1.003615
0.476980 1.081803 1.540901
2.578385 0.932198 1.466099
0.935977 0.389642 1.194821
0.408356 1.205798 1.602899
2.448315 0.721877 1.360939
2.530202 0.851986 1.425993
1.552090 0.000350 1.000175
1.856195 0.080901 1.040450
1.645813 0.005625 1.002812
2.885838 1.494048 1.747024
2.482841 0.775739 1.387869
0.026944 1.946118 1.973059
1.764948 0.037576 1.018788
0.706728 0.701301 1.350651
1.629068 0.003395 1.001697
1.664822 0.008834 1.004417
1.540163 0.000938 1.000469
1.365827 0.041866 1.020933
0.287421 1.433040 1.716520
1.370062 0.040159 1.020080
0.801022 0.563865 1.281932
2.293684 0.500203 1.250102
1.115902 0.203385 1.101693
1.037914 0.277307 1.138654
2.586858 0.946564 1.473282
1.451395 0.014240 1.007120
2.323424 0.540210 1.270105
1.958688 0.148583 1.074292
0.821508 0.535652 1.267826
0.351539 1.311313 1.655657
0.302840 1.403536 1.701768
1.298489 0.073694 1.036847
2.929924 1.579818 1.789909
1.238817 0.109202 1.054601
1.706845 0.018481 1.009240
2.236647 0.427217 1.213608
0.627426 0.825874 1.412937
0.117342 1.765853 1.882927
0.951249 0.371717 1.185858
2.273239 0.473467 1.236734
3.003180 1.724058 1.862029
0.292497 1.423312 1.711656
2.300183 0.508834 1.254417
1.626535 0.003106 1.001553
0.999226 0.317895 1.158948
0.787658 0.582594 1.291297
0.149764 1.701590 1.850795
2.539389 0.867080 1.433540
2.153485 0.330028 1.165014
0.437185 1.153218 1.576609
0.767858 0.610808 1.305404
2.954507 1.628008 1.814004
2.730869 1.201455 1.600727
1.883760 0.097149 1.048575
0.850829 0.496346 1.248173
2.176134 0.355380 1.177690
0.193562 1.615288 1.807644
0.032660 1.934691 1.967346
0.993230 0.324412 1.162206
1.015071 0.300964 1.150482
0.384199 1.250366 1.625183
1.296070 0.075001 1.037501
2.313559 0.526795 1.263397
0.172531 1.656647 1.828324
2.534887 0.859672 1.429836
0.878811 0.460038 1.230019
2.409178 0.662666 1.331333
0.020721 1.958561 1.979281
0.996154 0.321227 1.160613
0.218835 1.565816 1.782908
2.293960 0.500568 1.250284
0.857741 0.487266 1.243633
0.511332 1.021322 1.510661
1.452551 0.013966 1.006983
2.484276 0.778011 1.389006
1.510557 0.003628 1.001814
2.240209 0.431628 1.215814
2.634040 1.027921 1.513961
0.908354 0.423016 1.211508
1.252102 0.100709 1.050355
3.071226 1.859382 1.929691
1.676212 0.011102 1.005551
1.065017 0.250406 1.125203
2.660502 1.074508 1.537254
0.418379 1.187441 1.593720
1.915845 0.117882 1.058941
1.695044 0.015418 1.007709
0.611941 0.851085 1.425543
1.948505 0.140976 1.070488
2.688274 1.124097 1.562049
1.627012 0.003159 1.001580
2.332705 0.552960 1.276480
0.842752 0.507046 1.253523
0.798979 0.566712 1.283356
2.505236 0.811461 1.405731
0.236046 1.532280 1.766140
1.677790 0.011437 1.005718
1.772821 0.040675 1.020338
0.256767 1.492090 1.746045
2.673944 1.098423 1.549211
1.991656 0.174524 1.087262
2.550727 0.885839 1.442920
0.390093 1.239451 1.619726
2.502988 0.807848 1.403924
0.861685 0.482119 1.241059
2.874369 1.471891 1.735946
0.871952 0.468827 1.234414
3.101894 1.920624 1.960312
2.366817 0.600889 1.300444
1.780306 0.043734 1.021867
1.212403 0.127077 1.063538
2.296450 0.503869 1.251934
0.314925 1.380510 1.690255
2.277420 0.478883 1.239442
1.815360 0.059514 1.029757
0.733304 0.661344 1.330672
1.051672 0.263492 1.131746
0.368811 1.278987 1.639493
1.345245 0.050658 1.025329
3.000178 1.718112 1.859056
3.057085 1.831186 1.915593
2.972257 1.662945 1.831472
2.191290 0.372817 1.186408
0.758244 0.624705 1.312352
0.629643 0.822287 1.411144
1.554933 0.000252 1.000126
0.994290 0.323256 1.161628
2.307433 0.518536 1.259268
0.186161 1.629824 1.814912
1.251057 0.101365 1.050683
1.839785 0.071920 1.035960
2.177817 0.357298 1.178649
0.660191 0.773464 1.386732
2.229878 0.418890 1.209445
1.539212 0.000997 1.000499
1.521876 0.002393 1.001196
1.962655 0.151598 1.075799
2.411165 0.665623 1.332812
1.482177 0.007848 1.003924
1.187879 0.144843 1.072421
1.049878 0.265275 1.132637
2.694581 1.135454 1.567727
0.342736 1.327869 1.663934
1.364803 0.042283 1.021142
1.830408 0.067020 1.033510
2.158096 0.335120 1.167560
2.098107 0.271673 1.135836
2.882080 1.486781 1.743391
2.526907 0.846597 1.423298
0.301759 1.405599 1.702800
2.740665 1.219455 1.609728
2.442400 0.712800 1.356400
0.132424 1.735926 1.867963
1.790362 0.048016 1.024008
0.059051 1.881966 1.940983
0.762067 0.619164 1.309582
0.203702 1.595407 1.797704
1.053341 0.261838 1.130919
3.069500 1.855940 1.927970
0.389864 1.239876 1.619938
2.304398 0.514465 1.257232
1.767692 0.038643 1.019321
2.567681 0.914157 1.457079
2.964589 1.647839 1.823920
0.855977 0.489576 1.244788
0.965301 0.355560 1.177780
1.344873 0.050825 1.025412
2.818632 1.365249 1.682624
0.234873 1.534562 1.767281
2.827050 1.381237 1.690618
0.864918 0.477915 1.238958
1.284751 0.081266 1.040633
2.380038 0.619905 1.309953
1.207655 0.130429 1.065214
2.649554 1.055153 1.527576
1.068853 0.246701 1.123351
0.224158 1.555428 1.777714
1.606068 0.001244 1.000622
0.809341 0.552335 1.276167
2.751065 1.238648 1.619324
1.907827 0.112519 1.056259
0.408413 1.205693 1.602846
2.051872 0.227005 1.113503
2.040251 0.216370 1.108185
2.198776 0.381567 1.190784
2.110924 0.284713 1.142357
2.802318 1.334393 1.667197
2.402478 0.652732 1.326366
0.022672 1.954660 1.977330
2.730225 1.200274 1.600137
2.792341 1.315611 1.657806
2.327070 0.545204 1.272602
1.356325 0.045822 1.022911
2.218430 0.404972 1.202486
2.150067 0.326276 1.163138
2.212302 0.397609 1.198804
0.042137 1.915750 1.957875
0.353347 1.307920 1.653960
1.889341 0.100616 1.050308
0.277010 1.453038 1.726519
0.038805 1.922410 1.961205
2.754260 1.244559 1.622280
1.561761 0.000082 1.000041
2.418843 0.677101 1.338550
0.820322 0.537270 1.268635
1.069722 0.245866 1.122933
0.346103 1.321530 1.660765
1.044480 0.270673 1.135337
2.675790 1.101721 1.550860
1.155444 0.170051 1.085026
0.653953 0.783343 1.391672
1.442025 0.016559 1.008280
1.563858 0.000048 1.000024
2.705825 1.155787 1.577894
0.340684 1.331737 1.665868
0.621040 0.836237 1.418118
1.675156 0.010881 1.005441
0.001409 1.997183 1.998591
3.023518 1.764399 1.882200
1.697828 0.016115 1.008058
2.731634 1.202857 1.601428
2.674267 1.098999 1.549500
0.883306 0.454318 1.227159
0.946366 0.377408 1.188704
1.751104 0.032423 1.016211
3.033373 1.783983 1.891991
0.017075 1.965851 1.982926
1.793241 0.049278 1.024639
0.245128 1.514640 1.757320
1.906416 0.111587 1.055794
2.070251 0.244313 1.122156
0.283932 1.439735 1.719867
1.519083 0.002674 1.001337
0.490420 1.058008 1.529004
2.702775 1.150261 1.575130
2.339405 0.562243 1.281121
1.560142 0.000114 1.000057
3.048878 1.814837 1.907418
0.242292 1.520143 1.760072
1.094340 0.222749 1.111374
1.062730 0.252626 1.126313
0.896245 0.438026 1.219013
2.536365 0.862101 1.431051
2.626587 1.014921 1.507461
0.460477 1.111248 1.555624
2.877049 1.477062 1.738531
0.106035 1.788327 1.894163
2.135634 0.310648 1.155324
2.878457 1.479781 1.739891
3.129554 1.975922 1.987961
0.691869 0.724045 1.362022
2.468498 0.753183 1.376592
2.662228 1.077569 1.538784
1.575175 0.000019 1.000010
0.273272 1.460234 1.730117
1.271739 0.088771 1.044385
1.466955 0.010773 1.005387
0.290347 1.427431 1.713716
3.064980 1.846925 1.923462
1.712083 0.019929 1.009964
2.196763 0.379206 1.189603
1.993639 0.176148 1.088074
1.996015 0.178103 1.089051
0.574254 0.913583 1.456792
2.484058 0.777666 1.388833
1.557197 0.000185 1.000092
2.913659 1.548069 1.774034
0.902607 0.430110 1.215055
1.464483 0.011292 1.005646
0.014358 1.971285 1.985642
1.996947 0.178873 1.089436
2.527212 0.847096 1.423548
0.910603 0.420253 1.210126
1.391719 0.031983 1.015991
2.012207 0.191700 1.095850
1.371080 0.039754 1.019877
1.127175 0.193593 1.096797
2.118242 0.292287 1.146143
0.365121 1.285875 1.642937
0.864040 0.479056 1.239528
2.106203 0.279878 1.139939
1.056990 0.258240 1.129120
0.190946 1.620425 1.810213
1.626838 0.003140 1.001570
2.632165 1.024645 1.512323
0.464217 1.104554 1.552277
2.898577 1.518739 1.759370
0.957528 0.364458 1.182229
0.754564 0.630058 1.315029
2.821965 1.371573 1.685787
2.669610 1.090695 1.545347
2.951327 1.621760 1.810880
1.674011 0.010644 1.005322
1.524033 0.002186 1.001093
0.383988 1.250758 1.625379
1.016477 0.299483 1.149741
3.081230 1.879347 1.939674
0.156054 1.689158 1.844579
1.919084 0.120083 1.060042
1.404120 0.027717 1.013858
0.170412 1.660824 1.830412
0.774438 0.601370 1.300685
0.789739 0.579661 1.289830
1.081015 0.235129 1.117564
2.166158 0.344108 1.172054
2.801946 1.333693 1.666846
2.452095 0.727701 1.363851
0.151741 1.697682 1.848841
1.778596 0.043026 1.021513
2.817216 1.362565 1.681282
1.015781 0.300216 1.150108
0.743207 0.646695 1.323347
0.732614 0.662369 1.331185
1.206726 0.131089 1.065545
2.370045 0.605509 1.302755
0.223187 1.557323 1.778662
1.670943 0.010021 1.005011
2.127030 0.301501 1.150750
1.180714 0.150244 1.075122
2.425507 0.687127 1.343563
1.807402 0.055722 1.027861
0.708732 0.698256 1.349128
2.235242 0.425482 1.212741
0.339820 1.333365 1.666682
2.232765 0.422432 1.211216
2.619229 1.002141 1.501070
1.356297 0.045834 1.022917
2.172402 0.351144 1.175572
2.775283 1.283656 1.641828
0.133788 1.733221 1.866611
0.434929 1.157309 1.578654
2.945695 1.610706 1.805353
0.908227 0.423172 1.211586
1.224668 0.118614 1.059307
0.885117 0.452022 1.226011
3.074384 1.865685 1.932842
0.885022 0.452143 1.226071
0.195620 1.611251 1.805625
0.084532 1.831137 1.915568
2.663618 1.080036 1.540018
3.012836 1.743198 1.871599
1.100313 0.217302 1.108651
0.265232 1.475733 1.737867
0.603858 0.864356 1.432178
2.307039 0.518006 1.259003
2.635277 1.030084 1.515042
0.827044 0.528133 1.264066
0.836390 0.515543 1.257771
1.620715 0.002491 1.001246
2.007759 0.187917 1.093959
0.120305 1.759971 1.879985
0.286524 1.434760 1.717380
2.716491 1.175173 1.587587
2.355546 0.584870 1.292435
0.626344 0.827626 1.413813
1.807663 0.055844 1.027922
1.833183 0.068453 1.034226
1.982641 0.167232 1.083616
0.838472 0.512755 1.256378
1.466873 0.010790 1.005395
2.116429 0.290402 1.145201
1.273401 0.087794 1.043897
1.270976 0.089221 1.044610
3.024656 1.766659 1.883329
2.498069 0.799963 1.399982
2.156093 0.332904 1.166452
2.957448 1.633788 1.816894
0.241498 1.521686 1.760843
2.351713 0.579463 1.289731
3.041980 1.801104 1.900552
2.905116 1.531442 1.765721
2.222957 0.410451 1.205225
1.000700 0.316302 1.158151
0.028755 1.942498 1.971249
2.826814 1.380789 1.690394
0.166147 1.669233 1.834617
2.664032 1.080772 1.540386
0.512266 1.019693 1.509846
1.002537 0.314322 1.157161
1.143154 0.180107 1.090054
2.520025 0.835379 1.417690
1.122841 0.197331 1.098665
1.429679 0.019881 1.009941
2.094923 0.268478 1.134239
0.336795 1.339073 1.669536
2.056023 0.230861 1.115431
0.760994 0.620717 1.310359
2.169978 0.348405 1.174202
0.897071 0.436994 1.218497
1.599466 0.000822 1.000411
0.495258 1.049482 1.524741
3.013501 1.744516 1.872258
2.872867 1.468993 1.734497
1.766234 0.038075 1.019037
2.896564 1.514831 1.757416
2.229343 0.418235 1.209117
0.780735 0.592397 1.296198
2.712419 1.167760 1.583880
2.470840 0.756849 1.378425
3.132448 1.981710 1.990855
2.612806 0.991028 1.495514
2.234363 0.424399 1.212200
2.213811 0.399417 1.199709
0.471914 1.090817 1.545408
2.263118 0.460468 1.230234
1.899033 0.106776 1.053388
0.638060 0.808723 1.404361
1.785558 0.045946 1.022973
2.411299 0.665823 1.332912
1.640597 0.004870 1.002435
2.928712 1.577448 1.788724
1.789732 0.047741 1.023871
2.763438 1.261588 1.630794
1.216798 0.124011 1.062006
0.743062 0.646908 1.323454
3.100233 1.917304 1.958652
0.131229 1.738295 1.869148
1.504056 0.004453 1.002226
2.128618 0.303180 1.151590
1.028300 0.287155 1.143577
3.103522 1.923877 1.961938
2.623877 1.010206 1.505103
0.900208 0.433088 1.216544
2.834796 1.395987 1.697994
1.248518 0.102967 1.051484
0.655179 0.781398 1.390699
1.922546 0.122457 1.061229
2.029253 0.206527 1.103263
0.226005 1.551828 1.775914
1.251794 0.100903 1.050451
2.020108 0.198507 1.099254
2.838811 1.403647 1.701824
0.344564 1.324427 1.662213
1.092327 0.224599 1.112299
0.169132 1.663346 1.831673
2.607683 0.982194 1.491097
2.991360 1.700663 1.850332
0.807192 0.555303 1.277651
1.251648 0.100994 1.050497
2.261066 0.457852 1.228926
2.447790 0.721069 1.360534
1.038768 0.276440 1.138220
0.909205 0.421968 1.210984
2.069635 0.243723 1.121861
2.255566 0.450871 1.225435
1.652267 0.006634 1.003317
2.028276 0.205663 1.102831
2.386795 0.629717 1.314859
0.014731 1.970540 1.985270
1.015301 0.300721 1.150361
0.273502 1.459790 1.729895
3.118253 1.953324 1.976662
0.497585 1.045390 1.522695
1.173710 0.155616 1.077808
2.811456 1.351655 1.675828
1.746103 0.030654 1.015327
1.828889 0.066243 1.033122
1.592409 0.000467 1.000234
0.633764 0.815637 1.407818
2.054894 0.229810 1.114905
2.844203 1.413949 1.706975
2.653872 1.062772 1.531386
1.752113 0.032786 1.016393
0.047175 1.905686 1.952843
0.604606 0.863124 1.431562
1.921245 0.121562 1.060781
2.654857 1.064514 1.532257
0.454373 1.122202 1.561101
2.728437 1.196998 1.598499
0.764913 0.615052 1.307526
2.715440 1.173258 1.586629
2.034634 0.211316 1.105658
1.803681 0.053990 1.026995
0.483052 1.071031 1.535516
0.962677 0.358552 1.179276
0.917654 0.411643 1.205822
2.135320 0.310313 1.155156
2.990952 1.699858 1.849929
0.162856 1.675725 1.837863
2.150050 0.326258 1.163129
0.864661 0.478249 1.239125
0.436359 1.154716 1.577358
2.126710 0.301163 1.150582
1.362246 0.043336 1.021668
1.610069 0.001542 1.000771
1.796574 0.050759 1.025380
3.108349 1.933525 1.966763
0.297366 1.413995 1.706998
0.247390 1.510251 1.755126
0.600520 0.869856 1.434928
2.352260 0.580233 1.290117
3.091593 1.900043 1.950021
0.112799 1.774880 1.887440
0.962780 0.358434 1.179217
3.138768 1.994350 1.997175
0.717405 0.685137 1.342568
2.884025 1.490541 1.745271
2.652032 1.059524 1.529762
1.171778 0.157114 1.078557
2.470870 0.756895 1.378447
0.275353 1.456228 1.728114
0.745625 0.643138 1.321569
1.363911 0.042649 1.021325
2.079033 0.252792 1.126396
1.228677 0.115908 1.057954
2.326588 0.544542 1.272271
2.996687 1.711202 1.855601
0.222404 1.558850 1.779425
2.175948 0.355168 1.177584
0.017951 1.964100 1.982050
2.372454 0.608967 1.304484
3.040609 1.798375 1.899187
0.454310 1.122316 1.561158
1.357572 0.045293 1.022646
1.261262 0.095049 1.047525
2.064379 0.238717 1.119359
0.012553 1.974895 1.987447
1.228018 0.116351 1.058175
2.361744 0.593656 1.296828
0.259943 1.485949 1.742974
1.828539 0.066064 1.033032
1.572411 0.000003 1.000001
0.209944 1.583191 1.791595
1.941338 0.135737 1.067869
2.535191 0.860172 1.430086
0.207119 1.588718 1.794359
2.658743 1.071390 1.535695
2.277623 0.479148 1.239574
2.859151 1.442598 1.721299
0.688928 0.728579 1.364290
1.606900 0.001303 1.000652
3.134504 1.985822 1.992911
1.434553 0.018533 1.009267
2.970812 1.660096 1.830048
2.071944 0.245937 1.122968
2.663230 1.079348 1.539674
2.155807 0.332587 1.166294
1.927039 0.125572 1.062786
2.885635 1.493655 1.746828
1.190162 0.143142 1.071571
1.944990 0.138394 1.069197
2.116496 0.290472 1.145236
1.089178 0.227507 1.113754
2.399299 0.648040 1.324020
0.332476 1.347231 1.673616
2.350440 0.577671 1.288836
1.322085 0.061539 1.030770
0.345029 1.323552 1.661776
0.436865 1.153797 1.576899
0.542237 0.967894 1.483947
0.604972 0.862522 1.431261
2.265404 0.463390 1.231695
2.114648 0.288556 1.144278
0.814916 0.544664 1.272332
1.065149 0.250277 1.125139
1.508246 0.003911 1.001956
1.022034 0.293658 1.146829
0.582300 0.900108 1.450054
0.644277 0.798759 1.399379
0.739593 0.652025 1.326013
1.271228 0.089072 1.044536
2.251178 0.445334 1.222667
0.732504 0.662533 1.331266
2.705781 1.155708 1.577854
2.080396 0.254121 1.127060
2.804448 1.338413 1.669206
2.227419 0.415883 1.207942
1.094611 0.222500 1.111250
1.589894 0.000365 1.000182
1.971461 0.158396 1.079198
2.284772 0.488472 1.244236
0.393291 1.233539 1.616769
0.946365 0.377409 1.188704
0.232358 1.539455 1.769728
2.792591 1.316080 1.658040
1.278841 0.084634 1.042317
2.582797 0.939669 1.469835
0.973083 0.346751 1.173375
1.623870 0.002816 1.001408
3.019663 1.756744 1.878372
1.515320 0.003077 1.001538
2.228842 0.417622 1.208811
2.143474 0.319094 1.159547
0.488375 1.061618 1.530809
3.043757 1.804642 1.902321
0.067031 1.866039 1.933019
1.996621 0.178603 1.089302
0.924199 0.403723 1.201861
0.649331 0.790693 1.395347
2.640898 1.039931 1.519965
1.663792 0.008642 1.004321
1.920559 0.121092 1.060546
1.750483 0.032201 1.016100
2.396297 0.643621 1.321811
1.484747 0.007400 1.003700
0.689287 0.728026 1.364013
2.059152 0.233789 1.116895
0.570574 0.919770 1.459885
1.783898 0.045241 1.022620
0.507454 1.028093 1.514046
2.542035 0.871445 1.435723
0.927077 0.400262 1.200131
0.900745 0.432420 1.216210
0.346807 1.320207 1.660103
1.159435 0.166846 1.083423
0.551743 0.951654 1.475827
1.625648 0.003008 1.001504
0.600639 0.869660 1.434830
1.524827 0.002113 1.001056
0.107925 1.784570 1.892285
0.478709 1.078732 1.539366
3.040146 1.797455 1.898727
2.336766 0.558579 1.279290
2.622183 1.007265 1.503633
0.386928 1.245309 1.622654
2.238931 0.430043 1.215021
2.689214 1.125788 1.562894
2.383549 0.624996 1.312498
