0.419286 1.554918
2.153959 0.341696
1.874594 0.153190
1.567383 0.203984
0.601843 1.139687
0.652922 0.989458
0.126596 1.831468
1.343007 0.354195
1.323683 0.982738
1.212738 0.791992
2.163483 0.989135
1.559717 0.094853
1.487733 0.451550
0.999788 0.847627
2.260672 0.829554
0.973404 1.058708
1.347494 1.019064
2.418506 0.702302
0.489222 1.235492
1.030539 0.410485
2.356400 0.830449
1.536965 0.858281
0.208729 1.765881
0.845123 0.794551
2.268012 0.844647
0.639294 1.164922
1.102293 0.744791
1.971589 0.833168
0.399617 1.581690
1.293412 0.901283
1.384492 0.606376
2.024495 0.918400
1.723235 0.610334
2.306376 0.987616
2.777405 1.315520
2.167789 1.024793
1.418197 0.284338
1.935765 0.537937
0.750545 1.213365
2.274173 1.203311
1.244206 0.979113
1.682473 0.622452
1.601484 0.251620
1.258877 0.624476
0.864871 1.018019
1.394590 0.604958
1.140593 0.301754
1.327766 0.900681
2.038745 0.407062
1.574741 0.692745
1.145086 0.436297
1.597935 0.717984
1.665372 0.200108
0.801989 1.052383
0.395863 1.605048
1.848227 0.440272
2.491119 0.905544
2.963332 1.718639
1.457479 0.349289
2.781752 1.513748
0.443027 1.305685
0.932559 0.666569
1.594453 0.582184
0.945029 0.571352
2.206750 0.961474
2.606422 1.026172
2.964311 1.725532
2.234452 0.849404
1.845616 0.999374
0.978677 0.900033
2.630560 1.441415
0.462879 1.479359
0.453535 1.143289
1.040854 0.700577
1.335276 0.264507
0.685989 1.006513
1.763106 0.346272
2.144420 0.410322
2.488158 1.379000
1.255069 0.758529
1.955392 0.400860
2.175992 0.914243
2.023047 0.733967
0.974324 0.638378
1.676640 0.448806
0.339482 1.496821
1.154820 0.244786
1.208869 0.455496
0.725278 1.051565
2.325446 0.913912
2.178409 1.142550
2.649886 1.235629
1.094678 0.855343
1.547611 0.168326
1.961855 0.921244
2.379819 0.880608
0.669684 1.159687
0.486153 1.451702
1.020969 0.531002
0.878036 1.070117
2.020043 0.386897
1.116303 0.216602
1.138134 0.732145
1.294512 0.476263
0.859726 0.640846
2.588172 1.452920
0.827785 1.164979
1.245383 0.514839
1.727910 0.842987
1.772997 0.304087
1.900144 0.544869
1.869192 0.824071
0.671282 1.194476
1.764384 0.378091
2.872399 1.674701
0.763445 1.100564
2.904933 1.629386
2.013603 0.442654
0.302650 1.427101
1.966257 0.335606
1.124025 0.753632
0.810783 0.873414
1.539016 0.496444
2.428884 0.732996
1.211608 0.575794
1.226355 1.045516
2.650584 1.518185
2.107515 0.323686
1.945682 0.466315
1.362563 0.693914
0.733877 1.019082
1.295767 0.185624
2.712502 1.200550
1.351422 1.001905
0.812887 0.608317
0.860048 0.817921
1.986222 0.471434
2.452739 0.846864
2.278430 1.060977
1.043150 0.400972
1.030940 0.781446
0.753110 0.757965
1.686196 0.898254
1.008273 0.511749
1.030316 0.825254
2.517446 1.048258
0.837605 0.714495
1.543205 0.120765
1.262736 0.930245
0.634942 1.113087
2.745065 1.332325
2.667976 1.390181
1.773340 0.854848
2.343108 0.872257
1.762436 0.131981
1.721084 0.851323
1.931699 0.793177
0.298770 1.480225
1.774104 0.291419
1.520348 0.845152
2.451087 0.968508
0.964572 0.398170
1.876456 0.761517
0.852344 1.246313
1.728891 0.289932
1.577892 0.539959
1.650046 0.453380
0.934565 0.504058
1.113995 0.251564
1.702706 0.884470
0.792477 0.675950
2.010691 0.937333
2.348165 1.098408
0.493455 1.266594
2.946986 1.716588
1.149085 0.974496
2.549736 1.168979
2.593899 1.252983
0.956422 0.445610
1.699692 0.800528
1.299668 0.138401
1.224765 0.970539
1.603457 0.534115
0.431539 1.496315
1.741920 0.631881
1.918738 0.809960
2.099545 0.604168
1.690322 0.612897
0.702782 1.107574
0.471639 1.140847
0.805724 0.809749
2.896542 1.531446
2.375697 1.245766
1.842264 0.142758
0.197096 1.647195
2.382271 0.881832
1.084133 0.402856
1.118414 0.904960
2.040701 0.508587
1.727994 0.332364
2.641986 1.161015
0.430627 1.453617
1.838298 0.654873
1.146241 0.861554
0.987326 0.621840
2.373667 0.873455
1.979165 0.939736
1.464400 0.567086
2.109858 0.353110
1.836086 0.809503
1.113678 0.648396
0.773075 0.984250
1.953713 0.537729
1.219550 0.510096
2.096349 1.053847
2.037023 0.829575
0.809303 1.110013
1.330168 0.822104
1.319512 0.716503
1.646464 0.604219
0.307911 1.514325
2.846982 1.628931
1.029119 0.650777
1.117444 1.100008
1.583467 0.912191
2.129926 0.970577
1.381363 0.926887
1.226283 0.204738
1.225798 0.738108
1.582550 0.081881
1.701846 0.245808
2.144752 0.925390
0.064626 1.880675
1.585789 0.376902
2.284207 0.521980
2.836660 1.654954
1.456081 0.962257
1.716908 0.698993
1.329977 0.886881
1.947352 0.965060
2.131541 0.686592
1.923544 0.284328
1.279546 0.087935
1.080191 0.842160
1.902793 0.837447
2.139038 0.506728
0.061113 1.910864
2.684363 1.117945
1.966821 0.575628
1.325745 0.564298
1.573655 0.355637
1.309450 0.980049
1.183208 1.021965
1.832118 0.736188
2.207839 0.643922
1.729175 0.581300
2.122625 0.511117
2.060260 0.339458
1.059776 1.127314
2.229066 1.144424
2.140742 0.800207
0.786215 1.130063
0.693535 0.782450
2.147672 1.001220
1.674000 0.161237
1.220617 0.171105
1.584859 0.699405
3.034537 1.873707
1.860599 0.683598
1.590449 0.440593
2.643950 1.087623
0.120247 1.844233
1.245660 0.804770
2.265360 0.921066
2.067313 0.791826
1.599159 0.508576
0.929418 0.927029
1.112307 0.490238
2.108983 0.326860
0.721934 0.881731
0.934296 0.756095
1.288544 0.760890
0.802316 0.819367
1.626608 0.797235
2.889482 1.510511
1.013731 1.086297
0.726960 0.829811
1.823532 0.515393
2.843495 1.543308
0.505070 1.378776
0.539244 1.269106
0.986293 0.558706
1.018138 0.725694
1.748033 1.009576
1.679444 0.720480
1.162799 0.859051
0.839528 1.004352
1.504474 0.322268
0.285446 1.716938
0.688598 0.731902
0.362378 1.414930
2.598181 1.048029
1.749433 0.576028
1.824623 0.612715
3.053327 1.884344
1.121700 0.260483
1.080584 0.682854
1.246768 0.580067
0.198737 1.788543
1.562660 0.564106
1.858452 0.846953
1.204849 0.886877
1.490510 0.791851
0.727309 0.989498
2.171717 0.548694
1.539907 0.815738
1.751845 0.438479
2.817974 1.420883
2.768129 1.489074
2.084418 1.097315
1.132021 0.215337
0.363063 1.485822
1.642102 0.377533
0.470353 1.340803
1.164426 0.668295
0.674605 1.340568
1.261432 0.505110
2.099388 0.970405
0.972912 1.073194
1.132510 0.190175
0.704783 1.204653
2.256028 1.000534
0.888976 1.060889
2.459187 0.833547
1.349129 0.667126
0.688875 1.159427
1.901359 0.246955
0.999966 0.483626
1.610831 0.285505
2.079161 0.971294
2.303277 1.147109
2.133143 0.462072
1.122986 0.664801
2.939310 1.699054
1.364172 0.314248
1.577416 0.516578
0.450910 1.267766
0.990107 0.524203
0.676796 0.818632
1.339340 0.540273
2.088458 0.695942
0.870916 0.783559
1.866975 0.477099
1.787739 0.208936
1.964709 0.477287
2.925009 1.683302
0.936996 0.996724
2.000700 0.625036
1.101007 0.839229
2.935849 1.728507
2.829249 1.536842
0.895967 0.458504
2.245931 0.761399
1.071631 1.054157
1.624915 0.647938
1.416160 0.295061
0.782085 1.013988
1.948047 0.876212
0.186794 1.682772
2.724606 1.473733
1.860434 0.989399
0.992879 1.033991
1.983144 1.024496
1.232575 1.032156
1.840969 0.384363
1.865241 0.669109
2.255740 1.095996
1.844271 0.679771
1.038027 1.048746
1.674030 0.779618
1.654191 0.978078
0.439683 1.441087
1.722256 0.746259
1.527057 0.585492
0.308107 1.525495
1.125723 0.796273
1.330015 0.554535
1.596889 0.081803
1.464294 0.853672
0.474247 1.123333
0.851813 1.021996
1.959630 1.062623
1.636859 0.328249
1.804561 0.812255
0.977104 0.480948
1.675252 0.768685
0.772340 1.022845
1.468343 0.724027
1.226917 0.989820
1.162418 0.490252
1.291778 0.640855
0.293091 1.636855
0.636047 1.129384
2.276312 0.892056
1.331534 0.911317
1.823317 0.598113
1.730839 0.336018
1.649281 0.118498
1.852657 0.227827
2.471026 1.291172
1.207601 0.545380
1.815833 0.510104
0.420498 1.212210
0.880272 0.747257
3.034932 1.838498
2.048703 0.543260
0.532169 1.366396
0.651841 0.887961
1.127743 1.030357
2.007650 0.792328
2.229697 0.684702
0.974852 0.664061
1.877472 0.816480
1.567781 0.290025
2.544830 1.095360
0.793652 0.742374
2.302569 1.085391
1.982699 0.971524
2.320828 1.181781
1.053279 0.990155
1.296727 1.020571
0.920885 0.753106
2.057555 0.497412
1.773667 0.060147
0.992467 0.586748
1.953445 0.175080
1.872878 0.955579
1.407299 0.322375
1.906255 0.977468
1.751208 0.601257
1.175229 0.836463
2.250108 0.554022
1.590331 0.514589
0.277152 1.548695
1.361290 0.309510
0.898447 1.030410
1.057140 0.594306
0.913489 1.199018
1.951931 0.881697
0.176084 1.809528
0.668209 1.191088
2.670273 1.435277
1.773104 0.397463
0.477766 1.202284
1.117885 0.782249
2.327452 0.973678
1.338306 0.693498
2.048725 1.018430
0.854445 1.056527
1.035991 0.767689
0.289242 1.553265
1.220429 0.379881
2.264721 0.864479
1.077619 0.683830
1.198521 0.389450
1.406945 0.446752
2.767604 1.402290
0.881373 0.893433
2.044350 0.431850
2.294200 0.507807
2.445406 1.149780
1.767614 0.301876
1.227264 0.425454
0.831217 0.894290
0.561595 1.152294
0.539302 1.023029
2.323822 0.832125
1.313267 0.705838
2.576352 1.269383
0.843224 0.685918
2.521659 1.178441
1.909278 0.936377
2.689818 1.497071
1.447083 0.687967
0.594989 1.029927
1.954321 1.044429
2.661550 1.207924
1.019291 0.530822
1.797978 0.442112
2.161214 0.911285
2.237504 1.095725
2.182129 0.895428
1.044113 0.409042
1.187111 0.303887
2.203277 0.774266
1.392365 0.723132
0.520488 1.043828
1.721222 0.038452
2.587792 0.955111
1.969064 0.166844
1.120761 0.542207
2.863264 1.512593
1.908960 0.319652
1.572934 0.278498
1.812749 0.329540
2.781355 1.446228
0.733983 1.165982
0.573978 1.118971
2.548183 1.101355
1.667557 0.716127
2.413601 1.307722
1.395145 0.955786
0.386308 1.618540
2.716577 1.572043
0.056043 1.924350
2.813326 1.446528
0.350701 1.640660
1.589347 0.696536
0.857493 0.495413
2.822787 1.621571
1.136838 1.040713
0.980346 0.686273
1.977077 0.440000
2.204137 0.881290
1.970808 0.474937
1.207262 0.661560
1.167528 0.836322
1.585674 0.340817
2.031725 0.623361
1.165265 0.826735
0.683707 0.911029
0.160937 1.702399
1.000614 0.750543
2.316181 0.826437
1.622980 0.815547
0.916178 1.060635
2.109808 0.641619
1.010681 0.690443
2.024086 0.229198
0.521080 1.210302
1.317090 0.440153
2.869814 1.645194
0.717896 1.006118
0.276003 1.685465
2.700020 1.282746
1.709177 0.082925
1.767498 0.602902
0.945270 1.049770
0.613451 0.875306
1.002175 0.834831
2.375457 0.908892
1.436582 0.629380
2.328259 1.031795
0.540149 1.260747
1.977366 0.289365
2.831677 1.412073
1.623044 0.959249
2.095605 0.831265
1.464422 0.776403
1.561418 0.399024
0.613280 0.885891
1.497482 0.692358
1.853989 0.723566
1.604124 0.731583
2.019678 0.871514
1.262171 0.644498
0.859947 1.076399
0.912763 0.431296
1.467959 0.274567
1.731090 0.170165
1.375448 0.583449
0.973114 1.114714
1.598422 0.969553
1.728599 0.973637
2.068280 0.307356
1.286330 0.876757
0.761693 1.187733
1.607927 0.778719
1.558130 0.035379
1.588308 0.210920
2.171585 1.057053
2.184434 1.146802
1.850636 1.021736
2.815866 1.387772
1.041517 0.751434
1.007885 0.858713
0.674522 1.033119
1.730571 0.640843
1.412073 0.181275
1.739662 0.185757
1.005122 1.108251
2.934381 1.664692
2.133559 0.737976
0.789923 0.764385
1.657077 0.661802
1.512914 0.328537
1.598172 0.259650
1.119961 0.336454
1.026611 0.507795
1.020569 0.711746
2.237919 0.799386
0.764610 1.251575
2.581283 1.319067
1.655235 0.350414
2.424453 0.768480
1.578987 0.108915
0.535176 1.231646
1.528833 0.837697
0.071134 1.902421
0.633779 1.137974
1.123820 0.708842
2.404119 1.191459
2.284119 0.602729
2.687604 1.152852
1.385899 0.218799
1.685040 0.229061
1.895779 0.764419
0.756276 1.027761
1.399751 0.697755
2.597149 1.115219
2.226029 0.756567
1.370642 0.897050
2.587549 1.410531
2.007010 1.026994
1.584172 0.808464
1.512399 0.792629
1.321285 0.392280
1.747988 0.231835
1.557054 0.537623
1.097355 1.022069
2.038452 0.954752
0.703309 0.955534
1.621205 0.257165
2.783223 1.628237
2.619625 1.449531
1.004691 0.934954
1.219081 0.716134
1.798097 0.297885
1.594856 0.324415
0.874772 0.479568
0.744501 1.085390
2.237715 0.828334
2.953005 1.699561
2.009829 0.628011
2.625601 1.498982
1.339685 0.695919
2.248692 0.834866
0.429162 1.308748
2.115462 0.301011
1.112654 0.827322
2.530533 1.145526
1.431501 0.254339
0.775884 0.629596
1.551222 0.655385
1.301931 0.717424
1.925901 0.593086
1.202228 0.584995
0.182354 1.693708
2.435787 1.170264
2.202497 1.044036
1.994080 0.341289
1.522269 0.520700
1.949474 0.625863
2.368071 0.912825
1.640183 0.141070
0.756557 0.932056
1.869771 0.630546
1.942178 0.872833
1.793076 0.216647
1.461572 0.983502
2.322092 0.625604
1.524532 0.163120
1.777196 0.517319
1.515063 0.485368
0.942184 0.598602
1.155915 1.003722
1.466882 0.780817
1.430987 0.151200
1.148985 0.438104
1.725198 0.843878
1.419492 0.727993
1.102115 0.279823
1.115795 1.061854
2.381178 1.235305
0.729547 0.872075
2.397654 1.301514
1.424500 0.362461
0.736857 0.675950
2.291472 0.949491
1.595986 0.036558
2.401677 1.198381
2.678340 1.248112
1.742150 0.401384
1.471395 0.886077
1.908530 0.138719
2.005366 0.267814
2.072747 1.109902
0.829064 0.540764
2.647719 1.063529
2.536877 0.901327
1.228689 0.849979
0.382154 1.537347
0.719752 0.790883
2.186965 1.146330
2.135616 0.565345
2.940222 1.727362
0.684408 1.328082
2.710683 1.456100
1.191407 0.518116
1.728271 0.993113
1.434272 0.304844
0.538687 1.062484
1.100843 0.424584
0.910577 0.589179
1.064473 0.342485
1.118185 0.731778
2.446266 0.922072
1.264335 0.100753
1.537163 0.139166
2.748682 1.330275
1.449828 0.959456
2.458185 1.085845
2.462255 1.272458
1.047493 0.444195
1.039513 0.990017
0.887479 0.975301
0.699640 0.876401
2.349414 0.854606
1.547093 0.045052
1.782104 0.773566
0.793127 1.206370
1.235441 0.142680
0.936321 0.940603
0.408038 1.478914
2.272389 0.474622
2.636760 1.159581
2.712850 1.511662
2.251442 1.101392
1.912075 0.176385
0.439683 1.537753
2.476129 0.908316
1.757186 0.045232
1.544785 0.444331
1.373149 0.995098
1.547408 0.007233
2.028204 0.777562
2.474785 0.797834
1.919008 0.210761
2.073422 0.870999
2.173247 0.816464
2.014418 0.844766
2.280916 0.990991
1.663529 0.646450
1.596980 0.214259
1.994094 0.687685
0.730779 1.064703
2.195723 0.962178
1.791542 0.321263
0.834249 0.526785
1.057926 0.825817
0.269030 1.727684
1.137211 1.011666
0.358179 1.635598
0.172352 1.789501
1.922402 0.864721
1.236986 0.475856
1.594197 0.162643
0.478517 1.105781
2.221188 0.861343
1.096503 0.672812
0.737421 0.923731
0.665948 1.334263
0.706395 1.166765
0.932114 0.622078
2.043416 0.625781
2.630966 1.386942
1.434500 0.242606
1.889107 0.540965
0.893614 0.958713
1.015471 1.030377
1.479929 0.578456
1.037267 1.109990
2.059423 0.500591
0.313219 1.549357
2.407214 0.858087
0.430351 1.166047
1.972058 0.299179
2.580877 1.369792
2.400121 0.733922
0.639208 1.162638
1.735457 0.061514
1.249167 0.115859
1.072625 1.120158
1.526414 0.449319
1.901414 0.783842
1.173841 0.263365
1.130228 0.690637
0.585456 0.906710
2.358249 0.664621
1.688944 0.734289
1.376718 0.630726
2.040754 0.304966
2.110525 0.841786
2.545597 1.228554
2.153711 0.340721
0.981320 0.634443
0.439160 1.389435
1.310280 0.365611
1.695934 0.858026
2.109067 0.475750
1.697600 0.078572
1.248572 0.909192
1.803750 0.467476
2.408296 0.975739
1.635898 0.433747
0.915009 1.156784
0.376108 1.603876
0.376140 1.556225
1.714074 0.959522
1.405221 0.369236
2.745360 1.474970
1.990647 0.181650
0.936285 0.449697
1.196608 0.851400
2.583179 0.979296
2.948760 1.710102
0.757109 0.854650
1.239332 0.819946
2.111396 0.464201
0.980554 0.579200
1.852912 0.479412
0.990706 0.891037
1.241602 0.354290
1.502833 0.912270
0.951222 1.091138
1.061863 0.402726
1.617337 0.961315
0.875315 1.022561
0.377531 1.445905
1.556563 0.959365
1.712130 0.498736
1.463671 0.714431
2.254954 1.057524
1.488771 0.578132
2.969306 1.773834
2.383833 1.059636
0.635388 0.865923
1.172196 0.558553
1.266196 0.828510
1.257059 0.630005
1.887283 0.671498
2.050180 0.384155
1.695636 0.918719
2.517499 1.180415
1.383915 0.426512
1.684498 0.984136
2.441050 0.712842
1.948844 0.790177
2.182408 0.480111
1.096383 0.914461
2.276642 0.580450
1.392826 0.938947
0.985842 0.930664
1.282535 0.632803
1.549594 0.703841
0.748555 0.737532
1.171507 0.953618
1.210857 0.940425
2.152007 0.520334
1.501431 0.185993
1.830233 0.088265
0.820725 0.910233
0.319741 1.636554
0.949047 1.034676
2.915678 1.659604
1.756110 0.831980
1.803169 0.057268
2.056809 0.973497
2.028691 0.288023
1.395961 0.237712
2.201752 0.826505
1.277499 0.181690
1.391782 0.700441
2.784465 1.365675
2.528631 1.098975
1.301780 0.589853
1.482423 0.532014
0.440620 1.352236
1.307713 0.316515
1.145375 0.503691
2.064375 1.018765
0.847043 0.765136
2.463502 1.311499
0.904846 0.907329
2.984720 1.781922
2.267500 1.071070
0.797675 0.694709
2.463531 1.097830
2.362077 1.197141
2.088106 0.926249
1.140973 0.285897
1.163297 0.850075
1.855929 0.416235
0.997333 0.328862
1.784676 0.556043
1.303378 0.401912
1.386047 0.561678
1.971537 0.432418
1.448953 0.894404
2.525088 1.094033
1.551335 0.729039
0.981010 0.870660
2.515254 0.892880
0.934444 1.003283
2.788483 1.636940
1.621453 0.263027
0.513639 1.423725
0.182587 1.764890
0.867833 0.654984
2.017006 0.902054
2.116276 0.361757
0.725458 0.784219
1.814051 0.855664
1.500940 0.064393
1.997857 0.519174
1.556295 0.197558
0.649646 1.222490
2.314346 0.532968
2.280913 0.514761
2.135677 0.982288
2.956491 1.685827
0.477419 1.106745
0.707899 0.741280
2.120316 0.547634
1.162024 0.602402
0.572703 0.949067
1.692228 0.218896
0.996164 0.473144
0.327871 1.579218
1.025486 0.917385
0.521203 1.369334
2.610403 1.072105
1.466740 0.776210
0.863689 0.687839
2.241771 1.172014
0.532143 1.392327
1.014114 0.408141
2.369743 0.853337
0.900182 0.918422
1.881456 0.562780
0.631280 1.252022
1.673371 0.663990
2.639574 1.412669
2.312923 1.237128
1.516312 0.081438
1.979424 0.659436
2.244634 0.929263
1.998523 0.416810
1.368076 0.905465
1.639024 0.214371
2.279492 0.939554
0.224439 1.568509
2.044907 0.995397
1.404399 0.932491
1.551398 0.070391
1.385874 0.610762
2.220944 1.171579
1.032343 0.919110
2.068482 0.314255
1.995225 0.370157
0.823336 0.829887
2.095849 1.110566
0.372845 1.438312
1.005498 0.677358
1.246364 0.830616
1.862709 0.243622
1.306697 0.703017
0.993864 0.405652
1.625392 0.646477
0.247971 1.513441
2.014149 0.575791
1.780839 0.549728
1.333827 0.880044
1.065796 0.355826
2.603603 1.469140
1.229799 0.199486
1.304814 0.150813
0.501574 1.232115
1.653786 0.299625
2.309349 1.173347
0.494962 1.278241
0.442220 1.327904
0.758117 0.814222
1.625304 0.666202
2.567444 1.208421
1.942934 0.727791
2.770098 1.377824
0.799452 0.815927
0.749251 0.916757
1.510424 0.066799
