359 53
52 75
643 35
766 44
564 79
321 83
47 82
266 87
879 24
711 4
967 44
100 51
260 89
630 65
203 100
879 100
848 56
689 87
701 80
651 29
434 16
27 10
882 73
292 88
501 67
288 76
215 36
664 61
744 14
975 77
584 41
714 41
936 75
156 10
522 85
795 76
221 82
904 28
302 49
356 94
674 29
36 11
307 93
283 31
321 4
813 81
304 62
532 15
211 49
457 31
407 16
495 4
429 31
495 91
890 95
173 98
2 52
778 23
235 84
680 29
899 8
809 48
683 34
602 81
134 76
63 8
135 82
877 73
333 9
596 51
184 18
64 94
37 84
258 19
601 17
314 100
832 97
112 34
818 75
317 52
299 23
653 36
862 29
425 2
915 47
363 21
617 65
30 27
554 42
424 62
641 19
473 85
826 13
497 34
468 95
549 57
437 6
487 5
916 80
871 35
821 7
810 48
388 34
699 76
800 1
878 84
266 19
258 56
160 9
89 16
563 56
831 75
38 57
19 73
39 75
803 29
163 78
89 25
368 49
211 36
288 3
69 15
896 82
448 76
213 35
388 63
443 40
21 51
60 36
541 98
815 73
221 38
947 87
536 87
843 56
999 60
406 83
300 12
378 39
662 17
830 58
783 6
985 44
179 22
421 7
419 41
447 92
605 5
914 100
344 45
347 35
607 91
664 44
770 44
305 95
764 40
139 17
266 44
937 80
365 63
611 38
717 89
255 75
618 36
567 12
574 45
630 53
57 95
199 55
13 19
49 95
470 45
133 37
151 90
540 89
939 6
14 72
120 70
685 11
909 65
822 95
395 97
215 99
89 98
963 8
406 48
883 76
35 90
960 100
37 41
512 16
1016 35
303 77
197 98
360 31
120 18
608 93
79 49
968 41
254 23
830 22
862 1
944 34
438 65
742 93
858 4
9 25
66 63
609 42
979 14
610 25
132 75
363 92
527 92
410 90
279 10
590 55
892 10
997 15
683 52
604 53
176 72
176 19
303 3
230 57
941 41
259 51
798 14
681 75
39 1
477 72
881 65
989 92
782 87
513 88
169 52
79 61
157 79
19 38
965 26
263 2
91 33
539 74
556 11
87 92
54 17
713 14
357 28
1013 83
999 9
389 27
117 98
849 34
787 39
197 27
750 36
165 89
781 43
163 82
796 11
415 57
442 94
659 4
997 100
250 54
636 16
992 66
789 89
490 73
754 37
567 77
214 18
252 83
359 5
500 90
491 90
307 67
862 31
1007 7
272 88
383 15
91 12
1020 61
383 2
628 16
130 13
744 90
557 13
235 92
249 82
753 63
773 7
383 2
903 48
683 30
816 64
280 55
509 86
971 47
875 53
540 95
110 98
886 82
621 87
234 52
974 74
138 23
143 70
156 64
286 94
645 97
652 91
295 77
217 66
396 38
24 10
98 93
527 98
202 69
181 53
438 94
122 13
794 31
177 37
1003 89
690 74
510 75
604 18
236 31
66 97
35 17
12 6
404 56
53 85
528 27
486 9
340 2
717 23
926 79
995 97
155 13
204 5
943 3
128 94
820 96
431 49
612 75
352 97
519 26
213 19
920 35
903 1
899 87
822 10
235 63
319 82
244 51
862 42
59 75
927 44
790 90
804 15
789 35
1021 21
350 34
303 79
103 79
336 36
720 62
466 42
782 5
542 73
686 25
468 50
46 6
802 85
549 95
1012 7
224 68
902 74
104 7
325 100
263 34
280 83
209 20
128 82
110 42
143 92
599 4
907 100
154 93
89 40
111 39
132 25
734 62
932 94
68 72
615 28
1002 20
931 56
63 76
235 54
591 79
276 44
809 87
217 21
198 37
842 42
711 14
123 22
348 28
755 9
454 95
982 66
430 30
536 9
984 66
662 44
710 78
363 70
839 94
424 25
848 47
181 100
252 10
884 60
928 50
343 35
500 47
178 36
761 4
319 81
183 75
981 41
65 4
70 71
499 72
846 85
910 79
862 57
913 54
589 29
241 2
329 63
329 30
774 45
189 2
444 78
60 46
449 86
879 20
819 35
419 4
828 89
801 17
514 29
71 35
248 52
152 59
914 23
333 92
816 18
359 11
639 85
429 46
416 8
391 99
159 58
614 35
121 10
34 12
447 82
40 36
1022 22
253 27
521 29
798 8
387 78
823 74
649 30
301 9
373 64
500 68
212 33
725 7
662 70
826 52
836 76
907 40
54 3
198 17
181 77
627 46
413 38
746 24
364 12
568 46
713 23
185 67
822 4
