1821 92
3426 17
2713 75
2528 93
2001 21
468 23
1470 99
2081 72
955 25
2441 90
3681 9
1443 1
2914 65
3775 25
1578 76
1610 62
2387 63
2209 3
324 80
588 69
3612 71
3732 97
2498 39
887 95
270 50
3003 1
2774 98
3075 10
1561 10
3877 9
2364 18
3791 15
2041 54
650 61
2585 66
52 21
902 2
2569 71
2853 13
4047 43
2209 40
866 69
3104 25
3879 63
3178 92
3524 29
1075 94
3475 87
3976 99
3197 66
3245 52
1573 59
3017 15
2381 46
3854 83
3123 40
1743 59
3305 49
1100 9
447 97
4055 93
220 51
3236 65
3807 33
1934 87
2619 52
1029 52
2257 7
699 15
1941 36
1296 39
2608 46
2963 40
2982 11
110 48
2849 78
1714 69
2199 80
435 74
1593 86
3863 95
3639 16
3580 78
3946 3
3604 68
1899 62
764 79
1661 6
3703 26
2951 41
507 43
2790 96
1279 4
148 67
3625 93
1890 20
3627 57
3449 1
1472 42
2107 9
3316 24
2718 77
3618 98
2574 9
3852 51
3600 87
866 40
2414 2
787 3
2441 47
3552 79
3960 80
3956 19
772 7
2197 71
872 47
58 60
2649 78
2365 87
634 94
597 67
2021 42
2330 8
993 4
619 17
241 45
1193 55
873 48
979 78
1866 68
1598 15
2449 34
2354 74
999 74
1852 85
3011 95
2018 90
719 13
1212 15
1900 36
398 36
2448 38
1915 58
3976 53
447 1
824 99
3371 84
3863 18
3863 76
809 34
2511 46
3694 97
3012 80
2129 5
3366 96
3806 5
2580 36
632 73
2372 95
2666 15
2273 67
2371 77
3481 32
2005 13
3999 22
722 54
2816 13
2694 84
177 99
710 65
1791 9
908 85
2910 35
3149 87
148 100
1655 99
2260 9
2311 73
553 6
3912 13
724 64
885 61
3854 10
1105 26
3853 28
3879 90
2089 3
187 48
958 88
2376 66
2095 70
3425 65
536 3
1572 55
457 22
2858 25
2161 86
1072 30
1224 15
1932 11
768 95
2003 76
2068 66
728 22
2797 1
679 92
3151 60
649 64
290 69
2330 78
2365 11
2620 88
3333 89
2362 74
4076 15
3926 4
1816 48
2617 43
1405 95
161 33
1622 54
640 32
4028 47
1584 100
3493 53
2991 94
1673 37
38 19
3603 71
1597 79
878 46
1570 92
243 100
1613 6
3300 87
3830 51
3173 34
20 62
2229 37
2198 39
1940 73
839 5
1119 68
711 81
2867 3
2582 1
2146 82
1754 42
2044 99
16 50
3365 45
3563 85
3310 100
626 56
1903 7
742 20
1592 39
3977 18
1913 86
1495 31
191 57
229 33
1817 72
602 86
1067 51
1160 63
3294 34
619 5
225 49
2717 45
406 96
3674 47
960 39
450 50
2466 84
455 5
2506 53
3350 18
3456 70
2433 6
3433 41
2651 36
302 76
2532 1
2494 46
36 84
1725 93
3103 77
1379 49
2604 55
2636 82
1202 23
2447 52
1465 9
443 52
3724 56
215 37
2976 50
712 74
3368 80
2745 72
3811 4
1378 76
2892 64
3952 31
3383 71
3243 63
812 59
2502 55
2643 58
392 43
2191 44
1129 6
2045 64
767 43
3715 80
2139 18
1513 26
2518 60
166 80
3753 62
3991 36
598 89
1846 17
3835 96
1115 67
3238 99
3893 91
2434 55
893 100
2854 5
528 25
975 82
3211 53
1374 51
2982 30
2915 57
208 71
3023 71
2639 10
1265 75
1541 44
4070 38
1124 48
3200 36
1971 84
1845 49
2270 37
2336 59
3265 72
2893 60
1153 43
3650 49
1357 36
3071 30
513 40
272 72
2184 47
2071 61
561 24
2513 50
3780 36
3369 88
3359 89
4044 1
3810 41
2243 81
2491 94
673 62
4019 64
2085 42
2823 3
3686 64
808 43
2628 47
2382 26
1930 44
3282 36
1903 81
3986 84
2812 9
3 29
1397 66
273 41
511 87
3945 30
493 57
4003 73
1246 35
3103 81
2416 35
3868 2
3752 53
3514 94
3405 84
3517 16
3856 95
1108 77
1137 80
1222 82
652 31
3931 18
1139 68
144 33
873 57
331 2
168 77
2736 61
1658 17
3811 1
471 10
752 57
1802 96
1256 69
2476 92
1386 24
1667 67
3091 86
3562 93
3657 43
3266 53
2464 46
2785 89
992 11
756 91
2142 67
1453 22
3775 40
2436 70
797 67
3851 10
1180 16
548 7
1762 54
2578 21
2853 72
1409 78
280 23
47 19
4046 31
2916 89
401 81
2063 62
166 68
443 98
2220 29
845 93
4051 94
2954 67
3976 14
474 49
68 65
2336 46
3433 97
4013 7
3091 54
3141 32
962 57
684 13
869 2
3728 31
2827 58
2316 77
1449 27
1413 21
1198 24
1706 14
3205 51
3530 33
906 43
1588 31
3152 12
1050 78
3734 72
3430 15
862 54
2458 54
110 24
1236 68
75 5
3874 59
1854 60
1775 57
3981 81
3702 7
2453 2
1627 57
993 79
295 73
1137 52
1914 30
2899 3
255 91
2975 26
3464 99
1581 45
107 99
1824 44
1785 21
2051 46
721 87
2227 20
1797 57
2025 7
1781 4
3592 43
990 72
1331 38
502 51
2093 19
2802 39
3535 35
3299 8
3521 21
1974 29
1013 94
1742 72
1626 81
3261 9
571 64
402 4
4024 84
615 61
1903 91
2043 5
46 75
3276 89
517 53
3042 27
1999 99
1560 10
2287 22
3412 9
878 89
2973 35
1652 36
3517 61
1593 95
3214 43
3761 26
651 96
102 69
2595 4
349 68
3000 96
370 2
1548 73
1401 37
1105 99
4025 44
1782 41
3808 87
1080 38
3272 56
3616 42
3487 75
1821 2
1803 32
2572 72
2144 58
1397 46
1075 25
1915 4
93 76
1392 15
353 30
2927 59
568 88
4037 93
518 11
261 27
2993 50
2784 62
486 95
360 14
3285 39
326 50
3159 55
896 74
1355 99
1442 98
2067 48
3270 54
3901 81
353 49
2574 24
2664 81
312 83
1685 73
2801 43
3575 28
1694 18
74 56
193 67
2259 44
2515 50
2046 18
3345 47
2256 87
2480 19
1984 49
203 62
374 23
755 22
3068 66
2405 32
970 7
102 11
2083 44
1373 88
662 34
3853 70
3993 82
199 97
54 82
1323 40
3669 38
2848 6
1781 49
3318 25
3563 36
3835 2
2753 42
1553 22
3751 68
1711 32
232 51
2479 19
654 1
3707 36
476 29
505 71
2313 71
1374 31
3393 68
2143 11
3957 68
3337 78
2074 85
2737 19
2113 42
152 68
1922 70
3607 3
763 3
3661 14
3898 67
254 16
126 95
1605 47
3595 28
3051 75
2180 100
1868 34
109 100
2289 28
3388 80
2676 4
3060 28
2498 16
2306 19
1750 98
2541 81
2239 23
1712 36
377 31
1862 47
659 47
2213 76
3984 35
472 44
3032 79
2544 22
472 13
688 31
2997 39
2184 54
12 58
3815 78
3899 9
3724 72
751 33
2460 52
3295 14
3621 27
682 19
3454 40
739 14
1068 16
1943 75
1394 41
371 62
2590 75
3373 62
1518 83
183 55
1269 52
2211 87
3308 83
2182 43
482 6
1028 2
744 94
64 74
3181 89
3413 14
2874 87
3643 1
1853 70
492 99
79 7
1811 52
3699 99
3121 67
2462 63
3133 33
3496 56
1264 68
1685 53
2040 5
3090 4
2190 90
2270 49
2798 68
3784 69
2690 76
4095 90
3901 64
3339 43
1054 26
4011 6
1115 97
999 45
639 62
1576 29
80 3
1794 67
3970 48
1347 25
731 98
390 78
791 39
2625 87
187 45
557 78
709 20
2987 88
522 38
3534 75
3996 97
1306 12
3322 18
4060 82
1794 99
1297 28
1716 82
912 2
4070 12
748 38
2125 86
2331 3
3583 13
1256 27
10 36
2192 30
3565 99
1883 18
1292 9
444 13
2784 92
3327 29
253 29
605 85
2172 61
385 27
1884 87
2947 63
3560 13
1695 28
2694 45
669 72
3626 72
3407 57
313 83
3667 25
2658 66
1627 11
4009 11
4061 3
2424 49
534 30
2086 65
153 28
74 52
3786 88
1653 60
3652 81
1434 44
2230 97
1278 60
2387 67
916 23
2163 36
3298 18
1848 87
3931 82
3587 91
4003 7
2037 37
3407 88
1412 89
866 15
2525 22
3594 54
114 93
1500 18
2008 10
3837 32
1838 23
493 71
4073 100
316 30
2260 98
977 80
3650 37
1526 15
143 35
3616 41
3738 4
1608 34
351 50
1849 49
2393 54
2623 97
154 17
2891 50
875 62
939 46
4081 52
311 95
1678 78
1606 96
2526 39
1273 15
3439 33
746 29
2707 6
3273 16
2577 57
299 7
2583 14
246 47
13 39
2150 30
3322 55
791 66
834 16
200 47
1035 83
4012 39
3074 49
4040 42
242 41
3864 93
429 59
2128 97
4002 78
1890 13
705 20
1807 60
687 85
315 75
720 54
618 98
3474 34
945 23
3323 8
2951 25
2321 92
1662 30
2736 54
3912 6
1322 44
2102 4
3515 87
2308 77
3207 17
3721 9
2440 26
3031 90
1728 72
2319 71
518 59
60 76
367 94
4018 82
3129 36
589 82
2599 10
3357 98
2147 13
3691 75
2888 35
1530 46
1168 80
1533 54
902 96
2347 65
2293 32
368 89
302 28
1391 68
2826 33
508 34
1816 90
1495 77
1275 69
868 44
3192 57
2896 58
1517 25
2882 38
772 47
2061 22
904 88
1913 99
520 43
947 85
1779 42
2609 100
3349 17
373 27
189 39
1822 1
1295 24
3907 29
1701 61
792 6
1715 88
2879 87
714 59
339 49
3885 64
991 36
3878 52
2563 9
2261 56
3970 34
1121 5
2994 34
270 63
1536 93
2021 69
2740 61
2934 29
1118 78
118 2
3886 57
1092 100
2764 80
2139 51
2968 60
3530 73
2610 57
2920 64
3033 81
2997 1
2514 87
3469 38
2154 98
935 23
190 44
2993 56
3603 54
1513 31
290 84
1407 71
2687 17
3668 58
3677 89
1148 40
19 44
1479 7
887 55
3223 25
2980 87
2409 43
431 31
1573 60
2700 47
3793 46
802 2
3651 68
3512 2
79 8
925 4
897 5
3736 34
104 19
3412 62
1983 30
3552 77
2311 100
2847 45
2026 18
2152 88
220 93
143 94
1190 62
3514 52
3148 15
1607 67
3229 71
571 87
700 10
510 3
1396 44
772 9
1705 96
2111 29
2154 51
3478 30
1349 23
1913 96
1445 67
1323 21
4048 47
1376 69
3961 56
3365 48
177 74
3970 78
2465 82
2635 60
426 58
3855 68
2887 4
986 79
608 25
1204 15
1912 54
22 13
1703 79
837 74
2926 95
1956 93
1190 67
3401 42
782 73
353 4
2298 33
1435 24
3706 3
2355 14
2765 19
403 55
3506 35
1273 63
20 9
3453 22
1897 47
4022 5
2769 72
3166 38
3088 1
3987 57
1470 96
252 27
697 8
2594 77
3830 20
2924 75
3043 48
2709 22
1531 99
1591 20
23 39
3021 94
111 68
1113 41
660 13
3346 98
1650 15
2786 1
2858 22
601 57
865 1
2207 5
573 63
3672 53
1719 22
1733 16
1470 80
1636 30
913 75
679 24
2773 73
2193 37
3991 96
123 17
913 35
2256 71
2656 90
1766 44
2583 40
2279 17
1661 39
1568 41
794 20
1670 86
234 23
3723 10
2551 27
734 23
1414 63
3028 85
758 70
1383 50
4037 56
1312 15
2367 71
2477 70
2186 64
2807 71
1004 54
1820 39
3416 26
118 95
2547 2
3828 8
718 43
2053 80
4003 36
1356 35
123 5
1525 50
1491 77
3290 75
3479 30
3641 60
3938 44
2592 30
1248 72
1574 14
895 40
428 19
259 6
1367 21
3817 79
1846 95
2074 83
3459 65
2638 90
1670 14
2644 93
3523 63
1181 30
2497 35
953 64
3791 47
4014 53
418 100
1622 60
3161 33
695 35
2444 43
2941 28
890 84
3171 33
1840 38
1612 69
2392 42
2441 2
3333 22
3519 24
3333 14
2442 89
3379 16
2964 93
450 51
2269 78
704 24
320 73
560 59
1697 76
912 17
2500 34
1801 70
1553 16
1245 70
2925 57
152 57
3417 22
1001 19
3374 13
3524 67
326 32
3368 64
1607 30
3837 8
4084 30
3838 65
292 48
527 92
1196 53
616 89
2737 44
2656 16
1999 44
3246 82
1823 49
2524 94
3398 56
1464 35
1871 50
2413 53
37 53
149 11
3763 57
655 93
2841 99
3510 27
1175 32
3060 96
3982 72
3112 31
2250 10
2014 87
1901 9
1423 16
454 66
1524 9
3372 75
2805 32
3296 93
3237 85
4004 48
62 87
343 59
1593 60
362 68
1098 59
194 79
3360 54
2014 54
3510 85
3569 75
4094 85
2884 56
2952 51
1561 46
1637 46
3039 74
1061 73
1451 41
1784 94
1797 36
2932 55
625 98
1811 80
2216 16
1311 18
3166 7
3004 80
1754 16
1309 94
1094 50
1410 47
4056 39
1246 13
2679 43
443 43
1431 28
2334 85
2271 57
2326 21
409 48
3024 38
2531 8
1229 39
820 42
3393 68
2789 46
3691 17
2534 74
3481 73
1141 74
1636 69
3699 60
2784 43
1982 7
2388 51
3199 46
1353 94
149 12
999 66
516 19
3045 75
388 87
3245 78
2011 78
3075 67
3457 74
1538 78
2744 47
3728 54
2950 94
3819 95
1698 19
3596 86
4055 15
1814 17
1630 19
883 81
2747 87
878 57
2003 92
2122 52
2001 11
928 47
751 6
2424 42
1779 62
1497 22
2439 22
3709 37
3764 40
820 88
2407 87
1024 1
987 75
1814 67
3894 52
2490 89
3322 55
49 30
2808 36
27 49
2027 54
1777 35
565 94
3753 30
3102 46
3292 19
2040 57
1197 77
3508 51
941 85
2228 49
653 63
738 68
1688 83
1370 63
3593 53
2834 44
906 2
701 69
3837 48
3736 16
2298 51
2899 92
1121 80
1738 2
3203 42
1253 7
63 56
2490 88
583 83
1208 53
3884 85
2982 72
1738 35
1090 91
1964 22
293 66
1730 72
543 71
1538 53
1333 91
821 4
126 23
105 65
2497 31
2691 86
1721 21
1848 84
2856 10
480 67
1547 57
1361 36
754 25
842 92
1211 33
3633 84
995 91
1009 74
2961 39
2525 5
178 95
769 3
1877 3
3016 33
3751 22
1646 24
3527 58
2079 30
178 28
4008 65
1965 65
841 40
1297 16
1823 11
3320 39
2481 30
545 13
2774 56
3966 69
2439 64
3196 45
1471 29
1533 24
602 77
3584 53
2906 69
3542 27
1682 27
2745 6
1664 12
1413 79
1897 4
1523 20
3805 42
1282 78
1505 77
1081 79
3813 64
1001 43
434 43
1280 26
1716 44
1421 15
255 78
1329 33
1300 30
2590 30
2844 22
369 55
2598 18
1625 33
1600 26
2009 74
1826 46
2867 50
283 89
1667 61
712 87
3347 47
2282 78
2015 73
311 8
2814 15
715 10
2531 31
3071 100
4024 83
513 9
81 22
2955 86
2371 96
286 12
4053 84
1731 12
1633 6
1287 19
2929 79
1620 3
1246 48
910 28
1096 4
3730 18
3070 3
1493 33
3908 82
1295 27
3155 59
1547 97
3106 13
1061 7
3008 75
960 54
2942 65
1461 66
332 5
908 95
325 48
2223 96
2086 25
1710 41
1182 68
3340 36
2220 76
2805 31
142 95
2444 25
2386 23
1408 80
3638 1
2150 53
2730 77
3029 64
1398 85
2560 6
3091 4
3666 6
501 98
612 60
3316 74
3145 87
1708 53
2397 57
2066 34
3131 55
94 87
2259 71
3250 52
286 63
2443 4
4057 84
192 96
293 89
1050 9
2022 46
3629 87
1147 17
1781 11
1840 77
1050 38
3169 28
1032 55
2269 82
657 12
4031 66
1470 57
3360 62
1373 9
2835 85
3361 60
3413 49
1484 38
1549 58
3522 83
2561 31
1326 10
3796 23
1769 40
1508 56
296 96
70 15
879 39
377 89
1090 88
2449 63
112 95
3235 27
4020 86
2565 4
3639 30
2757 92
2180 57
3844 31
1852 30
2028 43
3375 76
57 98
2052 85
2299 62
61 60
3751 7
301 25
344 55
3334 1
790 70
3370 33
3092 94
1776 32
256 50
3124 59
518 45
28 51
1017 55
907 81
223 92
2101 9
524 66
1083 12
2251 23
982 9
2800 1
2542 71
578 82
3549 12
3255 76
743 43
3117 82
324 72
549 57
3753 12
2735 2
2916 29
280 69
179 99
127 25
1212 49
492 97
336 66
540 58
1119 32
105 11
2837 77
823 18
3045 24
3618 76
185 61
2409 40
2884 81
1024 49
1923 4
3973 26
4094 74
1662 91
1624 100
2463 62
1220 84
93 1
453 21
671 5
1433 23
606 39
164 14
1266 16
3439 6
3981 46
801 53
969 17
3668 81
770 70
3236 46
957 3
647 49
2090 69
2515 73
1679 70
2478 33
2959 53
3046 68
1036 75
608 31
3344 92
3754 96
2093 37
1978 13
3710 98
1604 14
3957 76
2534 28
2199 46
179 30
2903 7
2083 51
1928 79
110 74
250 59
2791 64
3431 77
3987 8
3174 3
3263 37
160 70
792 47
3578 56
3040 8
3569 11
105 87
3182 5
1904 80
3494 79
2178 64
7 74
3272 44
1360 48
606 81
4035 81
90 35
3400 87
3532 37
3084 85
307 35
1658 72
2051 16
3718 19
1898 15
3381 96
4065 31
2031 94
3482 73
25 54
1935 39
2761 75
688 42
386 72
700 87
872 65
1219 48
3649 15
1374 41
748 46
2314 43
2736 15
1811 57
492 42
1823 35
151 75
905 23
2871 43
13 47
1910 77
2470 60
1667 2
1937 65
3908 14
3483 50
2329 38
2621 61
366 87
1214 33
1474 12
222 97
915 3
1088 49
2404 83
3676 66
1629 84
1739 28
3695 80
257 43
875 14
969 66
3210 1
2779 52
2944 58
1076 35
3202 58
2782 83
3705 100
1638 69
2799 51
3117 34
2644 52
3232 63
1726 77
2147 2
2824 64
2506 18
3953 78
3110 28
1404 61
633 3
1063 20
3648 30
2958 42
1939 100
719 1
2322 51
2460 88
3812 88
2938 50
1074 44
2576 94
3939 48
112 20
379 97
3034 1
4051 23
1234 60
1769 28
330 11
2891 44
3955 2
2906 93
3312 81
2157 58
1726 31
18 41
1241 95
765 14
2222 15
751 92
3376 67
3631 3
2042 46
2367 39
1476 53
1284 61
2915 50
3318 31
3361 20
1416 2
2863 83
3611 68
326 84
3641 40
2197 4
4094 75
853 88
4025 48
2676 22
2367 62
2912 80
1969 64
3568 86
683 69
147 93
3121 87
2271 45
2773 83
926 61
3538 11
3727 95
3159 20
4010 84
3215 80
3861 19
1494 94
3302 46
1320 37
358 89
2959 82
2407 35
644 84
1819 34
3998 95
248 28
1045 96
344 30
134 87
2645 63
3198 96
609 79
3186 86
3065 49
2160 32
3179 90
2133 59
892 48
3606 88
3107 24
3838 60
2658 50
76 27
2177 6
3175 92
1150 2
3367 61
636 7
382 69
823 73
1579 56
564 33
112 3
908 99
898 60
2675 2
1210 65
3954 1
1349 12
2550 60
3430 92
1918 28
950 35
3785 44
1795 75
3704 4
3849 61
2459 94
1427 59
3054 40
2503 3
2826 5
2614 13
1836 55
3859 89
3807 66
4049 96
621 1
2637 29
3584 14
458 85
2275 50
3847 93
3727 55
3769 65
126 23
550 33
1115 77
2498 81
2091 5
1419 30
670 20
2777 69
1710 59
4026 1
136 62
701 39
2848 30
2893 79
3568 54
2195 39
2767 2
2851 42
3982 70
303 6
3224 81
1243 3
2572 89
733 55
1532 69
2283 22
1248 92
1632 69
1206 25
1377 70
4 35
2432 49
1047 100
1978 11
3858 16
1531 44
135 17
283 65
2014 20
3953 52
3413 11
1967 65
2010 53
478 92
3289 53
2403 46
3014 84
1790 22
2135 61
3297 79
3796 98
3972 16
1477 87
4010 28
3397 95
2245 59
3059 42
2323 46
1769 71
2237 5
1451 65
350 72
1884 76
2077 31
2731 10
435 70
144 76
357 45
1622 93
947 25
2510 7
443 98
3953 63
546 14
2680 39
678 77
2032 69
2695 70
2755 54
3956 85
293 32
1181 91
592 60
3096 60
411 63
1494 4
1468 6
649 47
752 51
2054 61
2086 16
3707 82
2612 52
2566 3
3600 71
3027 56
2229 35
1821 79
2663 76
3211 65
1377 41
2202 11
1231 16
1451 4
3316 63
2879 79
3190 20
251 55
3937 39
450 1
273 87
181 27
2138 98
231 46
364 66
1090 94
3823 9
1433 92
335 17
606 14
3844 34
1179 45
81 55
642 22
2432 58
2570 86
942 32
361 23
3330 12
3303 62
1370 27
3968 91
3171 99
215 80
2111 92
739 77
2144 72
3584 95
3962 77
1371 40
2834 98
888 47
2264 48
2954 34
507 5
3217 82
1836 92
1934 25
2775 60
3970 55
382 92
2757 15
1151 66
1633 89
1345 5
2069 56
2185 3
3275 76
1267 12
2450 65
3263 89
2284 81
2433 44
267 3
3145 22
3963 31
1221 66
1826 10
35 76
3353 63
3821 57
1525 58
3657 42
1443 81
2968 5
2703 69
1591 58
76 71
1524 82
2459 44
3714 63
642 38
1876 51
3643 66
453 68
259 21
3642 7
3538 64
3006 5
855 45
4053 70
3357 61
2330 90
486 32
2970 61
2151 64
1640 91
1721 79
2808 64
2186 42
1071 81
2007 58
162 74
687 2
2662 92
703 84
4094 35
3744 77
754 31
3864 85
1234 86
600 15
2718 63
2285 25
3874 96
2685 94
1117 30
586 74
213 11
340 10
1536 78
3601 62
1397 40
3270 55
962 59
2352 94
2060 37
1148 10
448 42
1784 41
3592 3
1842 49
3634 51
3820 88
2362 29
3120 67
718 44
3950 78
1479 29
1503 12
3132 1
3500 69
1058 15
905 41
3226 68
2421 81
3760 12
1373 96
2961 41
3572 90
2975 9
599 60
2334 26
3342 32
1113 29
2133 63
719 95
2327 100
2674 44
2544 79
3177 21
1681 29
3224 84
192 40
833 7
3333 62
3907 80
2539 30
2203 77
930 3
3286 36
420 24
2504 63
3319 88
3568 25
536 35
1182 66
2502 39
1756 20
2043 53
12 12
3068 56
185 58
808 82
851 6
3571 91
3655 19
833 16
3762 65
3466 79
1462 77
2339 72
1639 7
1898 98
2863 89
201 9
3078 76
1488 2
2576 28
3132 12
703 9
1088 3
1496 35
374 5
2120 65
812 46
3357 34
2081 49
1830 69
1295 41
3757 65
2383 26
2243 89
2180 58
2183 3
1483 15
2287 1
792 40
584 12
2327 75
1400 43
1637 29
4095 54
2084 21
1864 100
601 14
3966 60
3761 82
854 77
4010 19
3802 89
240 78
3097 16
616 63
1243 15
65 63
3347 2
4059 39
3305 84
2326 100
2714 17
484 15
2165 24
2649 14
3410 1
2061 2
2323 24
1204 63
2653 70
2344 21
3499 22
1619 68
2885 61
754 72
1006 16
3372 1
3670 52
2397 34
3604 79
526 16
1763 30
492 31
2515 53
3490 32
477 63
1756 43
2344 15
317 51
2511 33
4015 88
2930 17
2338 23
1358 23
1025 85
4004 3
2423 21
4023 8
1624 60
1004 49
1381 100
2499 26
1537 16
1150 61
851 81
1536 44
1998 66
2538 35
3037 95
59 48
1188 81
1337 7
1003 47
478 59
471 84
938 20
2563 37
1515 60
3769 49
1072 84
3879 79
343 34
1813 83
4016 72
3087 79
3579 42
130 1
1688 71
3137 74
1031 72
1540 87
450 95
1316 91
778 94
240 41
1200 14
1758 18
1539 46
1749 88
3576 91
19 71
3534 97
3785 85
1858 9
3269 89
881 62
2644 86
573 12
1397 65
3403 46
3979 70
1504 35
2247 64
2867 79
1425 47
1899 39
3882 10
2906 59
3283 42
1128 48
96 35
2859 83
2479 77
3376 39
2728 60
976 22
3030 32
3297 50
193 32
1059 53
1967 43
3793 31
2850 11
2166 84
3878 62
1446 23
4000 86
2929 12
941 43
3198 64
3214 69
1379 82
2088 70
3377 95
4037 65
3540 52
3554 23
3475 26
924 88
3471 9
2626 86
537 20
3025 80
1784 82
2806 55
570 72
390 55
1656 83
914 26
3387 98
1875 40
1447 72
3704 51
2534 19
1871 41
1807 67
1466 9
3804 38
1863 35
1774 31
3961 70
2606 11
2374 74
1394 37
3342 44
3372 47
802 88
2205 76
761 65
3181 75
2828 1
2835 92
1676 37
1203 30
1620 86
1211 87
680 76
954 32
3023 53
2761 63
1786 77
3627 60
1212 53
199 19
1705 88
1399 82
3377 82
1749 7
1073 21
376 75
1067 91
1359 40
1580 83
1378 21
1578 31
1853 61
3026 51
2473 21
32 50
3628 24
2878 85
527 80
2795 4
1839 62
2937 64
1469 47
1031 72
667 90
2575 39
3568 57
1424 35
3275 54
28 18
768 45
1247 87
4073 98
223 68
1743 67
768 13
3046 18
3861 7
3366 92
1972 54
2434 52
1454 56
1844 89
1669 66
3760 10
2575 7
2892 67
1956 30
2002 65
2683 72
3198 39
1803 97
874 22
3950 75
3618 62
2120 85
3851 53
3763 45
2484 26
2958 33
1623 3
1373 34
1166 89
1777 53
2298 85
2969 52
245 98
3902 53
3014 3
1817 45
2433 16
2372 93
2186 77
2567 5
1582 86
3589 26
1026 65
1200 56
1285 36
1506 7
3690 59
1399 84
140 3
83 20
1747 35
2695 10
1136 92
4078 70
685 38
332 33
3330 74
2905 50
2276 45
1504 76
2305 36
4020 34
2738 99
758 18
949 15
2154 79
3678 99
2856 93
3637 18
3708 18
3749 89
1659 55
82 70
2359 13
1938 18
2297 49
3251 41
2660 19
1974 30
1594 30
2841 92
3141 40
1536 56
2949 94
751 84
2411 46
2688 16
3091 52
469 87
659 90
3863 11
513 30
3198 94
2470 41
350 86
1326 39
3046 10
601 54
3438 78
1072 71
2144 27
4044 27
14 79
725 51
2643 63
1986 32
3198 12
1359 30
1051 16
2748 9
3075 66
2737 93
3001 3
492 36
3894 9
999 77
3073 36
2009 66
1202 81
2881 75
3327 12
2827 27
3598 3
1162 56
2489 29
1613 9
476 80
2552 67
2325 33
2389 70
674 77
2120 2
1521 3
1178 5
3874 93
3412 39
1952 66
4088 1
3354 12
2470 79
3377 83
761 14
1886 37
3901 18
3694 16
987 30
774 28
4003 91
2935 24
591 31
3399 35
3509 75
3036 59
2739 8
1747 55
680 24
3666 83
544 99
3915 32
129 50
2819 68
2168 20
3305 59
1168 3
1144 29
741 14
3709 61
3046 8
120 29
1078 1
114 83
2681 58
3548 68
1552 60
2034 6
994 89
3404 81
2981 87
1221 86
555 76
2672 97
2895 94
2346 22
3928 20
3094 49
2524 14
926 32
1647 34
2547 83
3765 2
3859 79
3230 80
1666 12
2117 12
3086 8
1014 77
2269 26
3738 42
1889 1
3402 74
2015 3
1416 81
1240 80
2087 24
792 94
3558 70
2129 23
3186 10
1597 59
913 14
3325 30
3048 84
2730 61
3369 41
3282 54
2315 53
2075 72
3641 9
1741 14
2978 2
1656 35
1540 82
919 75
4055 67
1311 98
742 53
2700 12
2058 78
286 10
3455 80
3094 93
2112 53
3407 64
4006 6
454 10
2598 25
3321 73
3556 97
1234 74
2924 34
1103 82
386 72
2928 74
3311 9
2870 8
1040 57
2620 34
1285 5
1015 70
3819 17
3648 79
253 65
3608 79
1602 45
2381 63
3367 43
1441 40
2691 86
2294 69
494 40
2780 10
2300 86
1422 57
1917 20
2834 31
3509 6
2503 89
2105 91
2853 97
1667 83
2429 8
2497 99
1692 67
1922 45
1132 66
905 78
773 11
1975 82
3383 58
94 86
189 89
1033 9
2621 25
2847 78
3833 8
3434 74
1473 82
1131 28
3495 84
1856 1
543 97
2780 64
301 1
68 83
1129 5
3266 88
1330 38
4047 22
124 32
554 14
1051 98
838 87
1279 76
1088 39
2674 53
3115 9
13 30
2771 64
2691 89
1963 9
652 16
199 27
3576 75
1825 1
2424 48
100 9
1914 27
394 68
1700 66
2031 70
3644 83
405 76
1564 35
2894 35
2250 12
2518 76
2574 75
2446 10
2699 47
2553 60
2886 68
494 41
654 48
3048 67
771 8
3670 3
704 59
19 23
2335 27
1806 75
3212 49
2206 46
272 6
614 27
3541 71
3847 71
1171 41
1709 5
1883 95
2747 36
398 35
108 39
556 22
3413 76
1938 77
3975 39
1499 56
1984 51
2319 49
582 83
1806 2
321 15
1634 82
711 32
304 93
1212 58
3822 9
1154 98
1711 83
1889 39
562 39
2161 24
2608 29
2898 100
3112 97
2308 49
3665 24
3340 52
159 35
244 25
778 92
1646 41
3446 94
1467 81
3987 14
709 69
2618 69
114 4
1608 80
2854 12
146 12
1015 98
3918 47
2143 14
290 37
2391 69
1925 2
276 36
2215 22
3979 23
2963 4
382 90
1298 46
3012 45
3651 17
5 63
560 95
1248 82
2863 60
824 54
33 42
2193 43
2230 95
3024 18
3049 2
2017 94
1298 24
586 64
2268 92
3885 52
2303 51
3233 75
946 29
2608 99
2980 98
3966 58
3225 34
580 18
1282 74
641 79
3475 36
1228 59
936 69
2868 50
489 93
941 68
1694 39
252 1
132 100
2097 69
1740 5
1488 81
1544 91
2565 69
3274 20
1806 25
1997 25
3458 85
3150 6
1560 91
981 12
834 23
351 56
2636 3
3961 68
47 82
3711 25
3267 82
2141 76
4006 100
4051 81
2885 100
3252 12
3981 94
1521 4
2958 49
638 98
2030 34
1237 45
270 70
532 42
3701 84
4076 53
3606 12
2981 95
598 51
769 64
3672 47
1488 39
2030 98
2251 66
2601 67
1928 4
1905 51
4075 15
1577 72
2495 62
3832 15
2399 42
2082 68
839 47
1207 52
1599 18
3284 61
747 15
1893 22
3872 82
164 48
2242 47
592 31
3508 91
152 31
2198 50
2465 68
1243 100
3393 13
3607 17
2908 78
2516 74
2801 21
273 32
2438 55
3183 14
3161 79
2407 36
1378 92
3944 80
3378 87
486 82
206 40
2855 71
1519 32
1856 35
826 50
2257 73
2820 84
394 86
2828 67
2000 35
2856 3
543 47
3231 33
937 48
2620 37
779 30
2717 39
262 41
2637 8
364 27
2943 11
2491 25
2757 35
4037 87
4087 24
2979 84
1149 85
1609 94
3193 36
1297 84
428 36
3804 19
145 17
2734 46
