2886 92
908 33
3514 62
3767 59
1267 83
1827 68
1863 81
2991 31
1223 99
1605 3
4070 16
618 87
2099 3
1215 53
1536 27
585 21
2747 83
398 60
4067 11
2226 40
862 99
274 74
2316 11
1112 27
3512 78
1096 100
3592 83
3408 79
103 59
2515 85
483 100
101 86
422 87
3553 70
247 48
3477 61
95 33
1368 9
16 15
1153 91
2468 65
2088 66
823 91
1788 56
2298 89
1234 9
2494 66
1451 85
641 10
175 24
2165 93
3305 18
1299 63
641 42
340 6
249 73
304 22
29 68
1514 27
1620 36
3015 62
547 37
708 90
2976 27
488 87
1938 44
2030 48
2464 50
349 81
2399 12
2740 98
3064 44
2618 53
2282 22
2514 83
3160 77
3085 7
3223 93
1977 69
3127 83
3711 10
775 50
2353 60
3236 76
1716 99
524 63
401 77
1709 51
3171 51
1478 48
3387 16
1662 10
2837 81
3367 75
3610 3
854 12
1853 11
3671 56
3955 51
592 72
332 95
1845 60
1686 3
3472 38
1878 88
2888 15
3756 56
3567 80
3432 64
810 87
3414 66
905 33
2391 75
341 85
1847 50
1718 86
1191 18
1971 27
2302 31
2103 58
2209 89
3450 25
2536 80
3627 66
3339 98
4019 73
1314 75
3453 24
530 67
4095 16
2810 63
762 76
2318 22
1588 91
1993 42
550 97
794 63
2346 29
252 18
1139 87
2471 21
831 51
2454 2
3371 54
249 93
1209 71
2512 92
2629 75
1490 51
1930 11
2748 68
3942 40
433 35
1547 79
160 15
2440 29
2436 79
4009 17
1701 66
2825 12
3366 74
3514 74
1042 41
3696 54
4002 37
957 71
1386 87
3730 48
409 10
2900 35
3030 31
3975 90
2220 86
1791 5
1030 27
3384 54
116 80
2331 35
3844 3
1287 61
3637 42
933 79
2318 57
2345 51
931 97
1345 98
483 60
391 15
872 11
2445 16
2954 20
2948 21
2274 29
3217 90
624 93
1533 73
3539 38
1865 19
2233 31
49 34
2572 93
517 54
1709 56
2973 77
2691 69
2219 26
3961 53
1067 25
3082 55
1312 54
1859 69
1297 61
885 20
691 13
3425 40
1591 2
1546 74
1559 32
3204 68
4086 28
1099 18
2873 5
2819 37
3028 4
3916 64
3876 6
3607 93
1099 100
2438 22
2274 73
3233 76
1114 92
4064 11
550 44
1248 31
3625 88
3179 73
2020 75
3748 81
3730 93
787 73
515 92
3811 23
595 93
2766 14
874 82
2815 72
101 40
639 4
2673 52
2310 29
3738 42
2042 35
3074 99
2501 66
1880 54
2479 70
3640 1
2779 52
3985 70
539 52
240 54
1637 23
3198 94
2612 64
2631 35
560 25
3921 26
1712 53
1611 86
3413 80
531 20
3680 16
1447 35
152 6
3329 64
140 83
3691 13
3235 24
387 17
2973 33
495 30
3763 56
953 65
1185 42
2713 19
374 15
1092 9
3249 19
1091 37
2029 88
954 11
990 79
3005 40
3925 40
2254 71
415 8
1422 38
2620 44
3626 83
1872 55
1697 41
2772 53
1668 94
2873 33
2926 91
3710 69
1201 5
2684 1
793 16
341 78
352 95
892 34
952 68
309 76
182 1
3843 15
663 70
1837 51
65 100
1295 92
2750 59
1219 53
2889 96
1009 89
1382 69
2838 45
507 62
2889 56
2231 20
3860 78
743 85
3050 41
603 13
703 25
2420 38
4046 86
753 54
3644 18
2507 67
2714 76
3605 58
198 56
938 88
3427 56
876 73
1056 49
4090 41
642 30
2755 43
2249 27
3983 55
2280 18
1951 99
2405 95
2677 70
114 59
849 47
3837 98
3700 85
3291 77
2321 59
926 5
3237 82
1057 39
2815 69
3649 91
3859 2
1836 73
1884 87
1008 9
4026 34
2208 73
1588 48
299 55
1833 59
1670 29
837 74
123 100
2825 95
1131 33
1899 20
3497 86
3458 34
2516 18
234 87
1096 95
3498 73
337 38
93 69
186 17
1111 35
1704 5
184 7
754 98
3084 55
1591 76
535 73
3701 9
3002 80
530 36
668 63
3135 13
668 67
1798 7
3579 36
3404 35
3910 9
4036 11
1659 15
2276 33
706 33
949 91
1468 74
1069 53
3829 57
229 43
3065 74
2996 51
3520 33
40 87
3235 52
143 88
91 51
2726 21
2861 80
2414 41
1145 86
927 52
2580 80
2547 56
2917 71
219 95
1234 38
2614 78
3434 85
2863 91
2127 77
2619 97
3113 99
2660 4
1596 77
2463 77
3308 63
3639 89
2135 20
140 22
2121 23
2157 64
3197 86
1816 53
379 91
2035 82
1175 36
1014 44
2090 25
1219 37
236 96
1378 44
458 85
2211 92
2003 14
4034 74
3964 23
1884 99
3554 98
3707 39
422 29
3626 35
2428 49
3051 86
2403 75
123 47
1437 80
578 31
1589 12
417 14
120 31
1396 65
1618 55
2206 23
4050 22
2907 30
3707 93
875 27
553 20
1481 68
1370 3
3866 92
554 97
1306 36
1489 5
2539 96
632 56
2170 48
1990 75
771 100
3480 12
2367 24
1909 84
2 58
3491 61
3263 66
306 47
1719 23
3588 30
163 42
3040 100
4076 63
1000 12
675 3
3281 20
168 16
2804 72
3139 80
1638 13
3201 13
1258 78
1415 16
237 85
3597 92
1351 91
3568 64
1197 98
2938 11
2697 53
3003 45
3150 9
2122 61
3743 98
2734 74
2539 35
897 96
524 12
2332 53
2075 64
980 72
1325 14
4094 4
2803 24
1160 73
1237 80
2493 72
3419 4
735 28
3368 61
14 59
1743 8
1016 48
1655 37
3237 58
1206 99
1617 37
2409 83
2298 76
323 75
556 19
989 36
574 90
1451 49
4043 68
1719 64
1675 85
478 6
1694 70
1628 63
280 13
160 7
2259 57
2951 86
2077 17
2525 39
1940 28
2072 12
1748 34
767 55
966 69
282 46
800 50
1808 62
1251 37
2176 78
1158 6
1800 5
3706 81
3477 76
2503 24
2719 50
2825 2
3577 5
2585 52
2414 24
3910 82
3409 75
2374 78
3643 98
1033 10
2022 71
2567 20
1554 1
2160 99
2330 99
2328 83
2718 28
2263 31
2648 57
2818 55
71 3
303 60
1649 84
455 27
789 44
1069 87
1521 52
1994 10
65 27
1055 89
2372 19
3633 70
1410 73
3406 19
271 75
3928 19
3271 97
3150 13
821 72
385 45
2445 3
2138 52
2066 64
350 63
1836 50
2603 79
2974 41
3687 47
1244 48
4004 73
1049 91
3928 20
2184 70
3375 23
1993 70
2279 61
2563 28
2324 76
1 81
335 7
707 57
24 83
3389 36
192 82
1297 14
4052 39
282 66
2883 12
973 4
1074 62
2203 35
512 12
2785 27
3085 78
3783 1
3100 68
1506 13
2121 87
3213 52
1590 88
1781 59
1949 45
3975 44
2823 86
2185 44
3468 23
2288 77
45 35
3520 12
2352 84
2570 82
337 1
1667 55
1471 80
3542 65
4088 49
2871 55
3910 27
170 96
2382 56
3057 70
1186 3
945 70
3767 49
2086 3
1192 72
2428 25
461 29
2720 66
1973 94
3987 31
4046 29
1434 68
3434 6
2315 82
337 13
2964 75
1081 39
141 81
774 24
556 70
322 37
3587 88
3172 41
1065 82
3066 48
1271 65
1442 99
3224 72
3878 35
2833 44
2806 30
226 57
629 39
1609 48
939 97
1071 31
2545 71
2050 43
819 34
200 14
512 32
2022 93
1267 64
2926 63
424 8
1681 21
1743 69
295 75
3439 84
81 12
2111 20
1357 68
82 97
769 95
421 89
1118 66
1637 66
1785 89
166 50
2593 97
1562 92
3776 80
1951 89
39 6
2022 26
37 55
843 87
3854 60
1006 79
2811 71
3498 19
3524 21
1501 59
1975 93
3326 79
3619 64
2072 26
3022 5
2842 39
2175 46
528 42
435 22
439 25
3388 76
3254 85
3460 60
3036 66
1740 7
100 32
2771 82
2075 87
331 2
3005 68
2291 85
1675 46
2539 7
387 75
2297 43
3919 63
3546 54
2637 31
2084 21
3205 25
2115 65
206 77
446 84
129 20
2576 69
2998 88
3123 53
983 71
2044 12
2820 8
2283 34
2320 52
2737 82
1801 7
1217 21
324 81
170 57
3973 24
1984 58
3190 20
3202 35
1828 92
879 35
7 2
3903 69
1914 79
143 69
3174 71
1421 21
1697 31
2785 41
1643 40
2531 74
1078 32
3588 92
3770 92
1845 63
3378 57
3925 19
31 5
2174 5
2338 76
4078 85
1105 11
3541 30
1509 48
1691 71
3535 49
4083 80
3697 75
851 48
1931 62
2093 89
3149 42
2050 26
2947 84
2738 12
3646 94
2133 56
3511 75
735 31
2427 9
2745 87
284 63
1565 92
2032 97
189 4
3851 41
1915 3
2412 30
2471 5
3565 10
4057 1
3116 99
3871 98
2152 25
106 23
2853 9
3421 99
3879 64
3816 68
2070 28
1204 68
3341 7
3369 13
4032 7
224 2
3596 76
1139 94
422 65
3795 25
674 45
2103 82
2713 4
1300 45
2287 81
2993 98
627 11
2028 61
757 72
491 6
3349 14
463 67
2766 61
3224 78
1568 27
1307 90
3255 56
2036 63
3823 89
3935 18
3478 47
1190 63
2888 88
1090 50
2635 82
3751 83
2678 78
2708 30
972 50
1542 36
4076 27
1103 60
2609 3
24 41
2716 78
744 52
1961 35
2984 63
189 55
599 72
608 71
422 9
3703 46
298 8
499 6
1573 52
407 60
378 20
2395 32
2975 48
2311 25
3739 37
28 30
603 68
3529 93
3515 31
1934 1
653 65
1103 100
1636 24
1835 85
3890 82
695 2
3107 17
834 43
2735 28
2228 47
2806 8
1280 92
2905 32
1271 69
820 71
3071 39
173 12
2739 54
1147 91
3866 91
407 19
2260 72
811 20
2488 20
2348 97
1197 7
2309 3
1620 11
2463 91
2686 73
868 2
3195 21
38 3
944 44
815 96
1394 29
3080 59
1933 70
647 38
542 10
2234 30
3207 98
1890 23
176 4
1073 64
2092 24
2043 28
3123 81
2975 69
2450 80
155 55
1533 13
3953 86
3348 1
295 17
2842 21
2840 71
2663 11
1723 64
885 19
2689 15
1023 22
240 52
3152 26
1644 70
500 58
2298 38
2653 40
2380 92
2568 52
1560 48
245 96
1723 33
2473 44
710 4
1545 67
2868 28
3964 56
1274 47
2284 1
3755 92
1531 35
887 21
1976 47
860 85
2340 56
1304 68
433 31
2238 70
1304 49
3618 49
714 61
2326 36
4050 86
110 68
3912 44
1055 31
1534 100
1354 37
1731 35
562 90
2971 61
2332 51
1210 41
886 39
2134 63
705 62
4055 71
704 55
2998 97
3379 1
683 40
3677 81
3413 90
789 28
2662 26
1646 69
1393 38
1177 39
237 64
2105 17
2389 42
473 10
659 43
702 46
136 10
3420 37
3332 75
3205 21
3806 43
3059 73
1426 31
1206 66
2503 13
589 82
619 5
1557 12
1359 43
1210 71
2084 12
4048 25
836 96
1860 27
3645 45
1113 36
2028 70
3418 69
2104 20
764 50
24 44
3294 97
2420 15
617 29
900 30
3040 40
2037 15
2808 66
2970 21
2354 21
2697 33
770 75
3399 45
85 14
1894 27
3296 13
4013 12
2036 55
189 62
1255 22
1168 62
3451 70
2216 44
2365 43
3570 78
139 66
1939 52
2361 59
2568 88
1983 24
1815 3
3783 13
1888 82
3838 38
3350 21
1245 32
2057 35
3342 55
1480 57
2363 36
1533 49
494 95
3481 79
654 43
2284 98
48 40
2064 91
3313 44
3713 79
1928 99
3639 84
2843 84
3232 72
732 18
3416 22
624 59
3611 65
2295 100
2657 26
1948 97
3416 4
3972 73
833 23
1829 32
523 93
615 59
1365 3
2978 54
791 49
3131 50
3378 84
1860 68
3914 29
4042 32
1167 40
959 34
1519 13
2460 6
1023 59
2158 23
2416 62
3865 100
4030 2
2716 17
348 90
755 89
2840 87
415 14
3403 38
29 82
4086 76
1051 62
3520 58
1972 42
2271 87
1926 98
3305 70
3445 72
2322 91
1727 93
3394 18
2694 18
2172 99
90 50
1574 82
3721 52
3723 21
2585 88
145 63
145 90
3738 63
751 4
1188 78
1438 6
3611 74
3456 3
1130 75
2973 53
2386 57
2103 91
598 60
1210 40
2035 33
3877 70
3469 65
3332 74
534 33
1453 2
3063 40
3771 2
2221 43
3666 64
2707 25
3661 70
1228 85
734 39
511 69
2458 75
2605 88
592 92
1991 25
3216 28
1999 55
3691 57
2283 40
3103 33
1387 18
3213 16
2 27
3242 65
2461 77
1477 90
1055 94
727 86
822 14
3267 91
3129 39
4011 54
1497 90
3999 24
3061 76
1063 71
697 93
665 49
3334 65
368 21
3152 19
1623 26
3254 14
1872 31
2586 41
2838 28
2439 44
3447 18
252 24
918 77
2730 40
3420 59
3437 54
2322 3
3829 63
1018 66
2625 80
1411 4
399 56
3287 47
3841 75
2070 45
1133 86
2266 78
3178 53
875 57
2647 76
3827 17
3536 10
2165 45
3512 44
824 80
3830 85
2927 46
165 3
1186 94
2674 98
3690 35
1480 85
379 17
34 61
1029 46
1737 28
2200 15
2800 92
1699 72
501 4
3008 17
1679 32
797 87
3208 66
2816 22
665 51
615 74
1421 14
57 67
1005 58
480 75
3191 55
1232 80
2357 89
56 34
3540 20
2154 17
721 81
864 86
2838 3
1147 44
1399 10
1639 57
1501 2
3473 23
2633 80
2415 2
67 59
180 6
3654 1
719 81
350 50
3926 72
3781 20
1511 43
1412 41
934 76
1244 80
2416 33
1103 92
1083 2
1297 63
809 61
3691 98
2066 49
3892 67
477 58
561 97
2145 34
2957 96
3593 97
1966 36
402 1
961 72
2283 76
727 4
1276 51
2756 99
2978 39
401 81
1499 54
546 18
3650 51
544 58
2286 89
1236 94
1477 73
2265 26
3055 48
1742 80
157 41
928 11
3656 9
2413 22
966 96
1990 99
1167 90
1360 10
1878 22
2999 64
3409 25
3855 93
3998 86
759 100
1223 83
373 71
445 100
1789 59
2754 58
1304 71
2722 18
492 86
2116 53
3567 70
2033 86
2958 63
1404 8
858 28
366 74
1801 96
2392 41
1521 65
2674 98
2490 73
110 46
3415 85
363 2
2726 72
410 91
2587 16
1651 45
2178 31
3640 16
2011 83
3519 14
512 32
1971 79
1672 42
3609 46
128 69
4028 88
2277 85
1768 85
1120 94
3709 15
4028 34
3102 90
17 14
2008 42
2110 31
3224 31
889 88
2981 18
982 45
1047 96
669 97
969 27
2783 30
656 48
1233 14
2739 4
4091 56
2171 88
3387 55
1418 41
56 39
2906 60
1001 95
4091 19
3438 21
3773 22
1834 7
446 46
2688 100
1689 39
3529 25
3541 89
3171 39
52 28
108 89
2875 32
2059 7
3857 91
1251 67
3139 9
237 65
3867 29
1937 93
408 34
418 53
917 91
2124 17
3408 69
2508 87
3398 79
2485 87
3114 4
1516 51
1974 19
3434 76
2198 59
1739 88
2270 21
3874 8
834 43
1268 18
3743 38
963 84
1805 30
2427 36
3948 33
3122 18
245 3
1244 98
2866 20
4034 46
595 8
2001 37
1690 7
1525 92
641 69
3344 22
853 41
3205 74
3393 77
557 52
899 55
1007 40
529 38
1227 40
3660 85
1829 99
264 87
694 74
705 31
2288 58
2736 37
3958 56
2787 84
1591 17
699 56
1120 88
1917 86
703 24
521 73
596 52
2778 31
1488 53
1420 97
2870 48
3942 5
3477 18
2956 51
2846 50
2804 87
1299 94
3685 74
69 94
3656 98
2084 86
3652 29
2044 10
3788 34
190 93
517 40
1408 74
783 14
1488 92
2186 18
2320 38
3364 64
391 52
246 99
431 54
2113 77
2519 59
342 69
1661 46
2195 8
3690 25
3371 75
3143 18
39 94
2426 24
2634 75
2391 50
3271 48
341 57
3261 4
421 37
857 41
4094 12
3608 37
2405 77
2065 21
1987 78
605 52
553 100
1866 59
25 79
942 44
3888 53
3866 42
810 79
4092 53
1992 73
1352 24
1386 69
2552 17
566 53
817 1
2350 22
3381 9
3434 3
2369 57
19 98
3518 91
1390 52
3557 13
1869 70
2553 75
2875 67
3204 42
1710 41
1185 94
1844 29
1709 58
735 63
1166 33
3106 48
2965 55
3305 46
148 6
3185 56
3027 35
3526 62
2569 81
663 86
679 46
379 68
244 49
583 87
391 74
3144 31
4043 28
3782 74
2081 90
1544 70
3851 19
4073 55
346 72
3762 51
1655 34
1850 53
2151 45
2031 12
901 38
2912 23
3884 47
2699 34
2848 11
2968 95
1492 26
1228 21
3323 92
3638 36
3731 100
2222 79
3384 62
3314 94
2924 42
4093 10
528 7
153 6
824 74
2950 54
3748 96
1309 68
2147 93
2259 24
6 79
3251 48
2548 3
2338 66
2299 72
157 35
1042 22
3470 90
1661 45
3364 22
2745 33
3286 39
1821 63
2980 45
774 89
3867 89
902 100
47 1
1167 2
323 79
3440 86
2991 44
2267 97
3406 38
1592 92
327 78
2130 83
77 34
2180 34
1335 31
1768 68
1445 83
1796 34
1964 74
1199 64
1832 13
3979 16
1534 48
943 90
1159 13
1619 95
934 11
527 99
4032 82
2285 86
3361 41
1877 95
906 66
2362 82
2539 38
3372 20
2527 23
1684 97
2837 52
1676 74
1161 82
2303 5
3990 27
946 98
677 58
90 43
4062 94
2486 3
3149 93
589 42
1833 57
1913 90
414 50
2172 15
1762 37
328 84
363 84
2633 89
350 46
2426 74
162 30
3838 37
503 26
3928 39
3343 100
431 35
3377 37
1475 62
2568 67
2451 26
3598 97
3171 99
1914 87
3392 17
404 2
2961 59
793 42
3007 45
2271 18
2446 6
559 36
3267 77
2985 90
95 59
2953 45
2819 20
3045 50
1355 78
2390 81
1371 64
3923 83
1524 47
3763 65
2936 78
3315 1
2127 27
3390 25
2224 22
2785 44
3854 78
741 85
2370 71
2522 52
2063 6
3363 24
20 56
1501 4
2740 23
1246 84
1893 99
3208 58
1415 21
3066 91
2642 78
1051 45
3894 45
2131 35
1981 24
2839 92
2635 99
946 34
2948 51
1500 37
3343 76
1126 69
3277 100
2532 38
770 14
3674 36
1466 58
1534 26
2256 44
4048 45
1292 81
3635 89
114 77
1673 86
2488 23
2330 46
347 47
1392 3
307 58
1826 11
3749 21
3510 58
2978 64
812 53
587 76
2087 30
510 19
782 98
2327 80
3591 98
2726 57
819 5
4071 76
3332 11
3230 2
2764 43
3938 62
2554 16
474 62
3398 43
1746 56
1124 50
3556 78
1176 16
1830 62
3267 66
4065 61
1567 37
825 75
1768 4
3966 27
891 82
1893 20
1636 13
2 78
753 77
3896 23
1553 40
2761 76
3775 89
3566 88
2937 97
3136 41
3784 4
3122 5
2825 92
3240 93
2622 8
1094 7
998 23
1154 80
3525 12
2205 81
572 70
3909 45
1071 65
3689 32
4017 30
2762 83
1307 97
2473 89
990 8
885 75
2448 48
3091 41
2784 88
3935 29
145 1
678 65
3475 82
2553 25
2274 49
2663 37
898 84
1436 54
2527 57
1837 79
216 75
3701 92
1161 7
3845 51
2081 11
3532 95
1061 16
417 5
1546 24
283 18
2056 11
2044 53
1160 81
3629 89
1010 37
1298 52
44 89
3936 52
1158 26
250 96
3703 21
3431 87
3915 41
3026 74
4065 24
1862 98
1728 56
2301 31
1645 64
2578 67
3905 37
1598 53
3305 8
2364 49
645 71
2345 10
4013 49
3340 66
3742 58
2055 69
320 7
3100 38
2007 74
2846 57
2042 4
2102 63
1739 20
3939 37
602 59
2988 45
1152 67
1449 46
205 75
3057 7
1494 48
2163 6
698 39
1023 58
1013 23
2020 68
2081 44
274 28
2801 91
1879 38
2549 88
314 71
3950 36
2853 16
2474 20
2374 99
3933 97
4061 24
3271 57
1124 55
3952 50
1849 79
1818 9
1367 11
3729 88
4092 67
3779 74
1465 90
3398 28
759 27
663 44
2790 90
3406 42
4014 38
3573 11
2542 44
110 66
3167 89
2347 15
1630 50
2351 49
1872 37
3606 10
1586 84
3988 66
480 46
885 70
135 26
2187 36
2835 92
345 49
3271 99
1547 88
2891 44
3172 92
3896 98
3920 71
1445 42
3632 44
3773 45
3337 51
4031 39
3315 30
3869 34
799 100
3689 70
1360 80
3617 10
1541 47
3624 6
2120 60
3825 75
863 12
894 24
1043 88
887 7
181 20
3039 25
2096 25
2071 80
2618 44
2587 94
508 28
2199 38
1580 75
1188 74
49 31
4081 61
1495 27
358 23
868 8
3691 16
1310 27
350 15
233 7
2789 55
9 80
3826 47
842 72
539 36
1285 37
1841 69
2975 77
3426 88
2659 99
3700 11
4003 5
767 81
3126 36
2810 57
1265 68
3678 46
2180 71
2718 92
3132 27
4060 9
3441 74
1703 31
952 66
3034 92
1504 34
3986 27
1476 28
3589 93
2797 27
1697 74
2777 81
3126 67
1921 27
1523 49
2453 72
126 96
481 55
811 39
3913 97
536 16
2578 31
2141 71
308 35
3947 93
2329 14
2888 66
1887 46
1779 21
2685 55
3365 59
1361 27
3299 50
2416 4
2926 59
2581 46
2427 2
1588 82
522 53
136 75
1804 72
116 80
3979 29
1771 5
1093 50
1223 6
1163 4
1298 98
957 69
350 2
417 100
3205 21
1653 76
2404 15
2263 4
3001 75
3544 53
2144 17
2643 71
3237 6
3515 18
60 16
2853 79
363 66
1745 37
3411 86
3580 21
1479 70
3511 31
2191 17
2235 6
666 11
1550 93
3790 51
3860 7
2550 9
3537 84
1090 73
2555 25
3108 6
2399 10
1953 94
109 88
156 2
3781 32
1738 44
2006 69
276 34
2253 60
3921 78
141 91
2837 11
2887 15
2299 38
28 30
539 93
3677 1
1527 22
3977 33
3187 57
631 39
3135 70
3879 86
1367 32
403 12
201 34
907 3
2345 99
2110 76
3874 64
2924 49
1711 2
71 58
2786 45
321 19
3509 88
107 86
152 44
3340 94
3749 94
324 47
2950 32
983 90
1728 98
2878 20
3845 44
2079 70
2828 79
2240 46
3409 5
766 49
3972 66
1955 4
1033 37
438 71
3172 31
3574 67
2953 63
2328 13
3339 62
2407 56
3611 25
1355 79
3997 54
2466 15
510 22
2306 31
656 17
571 79
2981 29
3282 26
2140 40
1492 81
1362 88
3547 84
588 31
3048 99
2173 44
3664 68
1467 10
710 95
827 34
925 64
3672 77
2644 74
139 65
3139 48
2606 87
3277 10
3556 100
2523 94
3015 94
478 51
978 57
2170 59
1991 5
3660 83
1662 55
3700 18
3859 52
3164 53
193 97
2832 97
2456 68
2606 43
253 79
1981 57
602 14
527 61
3253 33
91 71
1691 51
1649 38
1154 56
1588 14
2514 90
3994 51
1997 79
4023 41
3550 38
1355 2
2140 75
2840 73
3560 45
1474 52
3881 78
3839 90
2951 23
2528 37
4081 6
2309 2
32 18
926 8
2983 100
2911 32
769 96
2008 11
3261 87
3737 47
2632 66
1286 67
2885 28
741 79
2993 100
472 44
3445 3
205 43
3513 92
3494 83
704 81
573 32
2689 20
1947 28
2882 82
602 28
2709 81
812 43
3358 79
2134 93
1898 84
3685 58
1856 73
100 49
3889 70
1003 10
2163 10
2750 2
4079 47
264 49
2316 2
647 38
832 6
1419 96
2174 39
3515 62
486 68
1992 10
3612 40
2482 26
1025 47
1399 80
3220 60
1916 15
1813 59
653 97
2950 33
576 2
3505 69
3207 75
2487 89
3815 29
3678 10
2464 67
3859 9
1989 33
516 55
2365 48
4028 50
859 37
2659 68
2909 17
618 100
2971 23
1489 52
2149 7
685 6
491 86
1225 48
3685 95
2677 63
2952 56
79 96
555 5
3824 88
2199 90
1805 74
671 44
1676 96
958 70
759 81
3838 4
1535 100
239 51
2354 92
732 13
48 15
3526 33
2048 73
4095 38
1729 13
3795 42
597 49
192 8
1714 84
3064 3
3692 68
2519 90
1378 16
824 1
610 48
3091 74
177 39
2417 34
3000 76
400 7
1328 26
3674 20
1263 45
2313 49
254 21
448 42
2027 80
859 51
795 2
1009 31
2114 91
820 95
108 94
965 58
121 16
754 60
195 73
2148 86
1818 77
1293 50
3725 59
2778 12
2841 72
1881 76
1414 58
2248 36
1226 71
3571 54
1945 89
3871 62
497 28
2236 17
2042 27
545 41
1023 28
898 52
3450 72
3572 41
2044 35
2322 54
3573 97
1548 53
3812 32
2688 60
3466 10
2252 89
3224 74
3034 21
995 72
2446 73
450 88
1012 36
431 22
2021 62
3557 37
1825 86
795 35
899 30
4068 15
3156 43
2078 32
3397 30
2898 16
1402 59
2956 51
3898 50
1169 55
2081 11
1711 27
2598 3
3801 70
418 58
2377 47
3211 15
3718 30
2917 75
1230 26
2969 14
476 37
3788 29
2032 51
600 24
2214 59
2363 14
2030 7
3535 79
977 76
3206 69
3375 15
4020 74
1203 100
3691 27
3429 12
2528 100
2468 77
3563 8
4019 77
3035 85
180 8
404 30
1916 46
3388 81
1889 60
3509 75
3934 1
669 66
713 43
2375 64
3955 72
2349 18
