2204 71
2834 60
1202 53
3122 33
1767 94
537 53
18 84
2222 40
2153 50
3032 80
2463 37
2917 71
288 50
836 49
613 29
1538 68
284 40
2126 28
148 50
4024 27
1797 96
3809 76
1086 35
158 79
2797 73
2883 30
1583 97
489 50
499 10
1857 70
815 66
2239 27
1973 27
2939 24
2824 72
2946 53
3614 33
2385 71
3107 14
3006 95
4075 14
1972 59
3182 65
1583 80
1525 91
3400 27
193 28
654 25
1395 56
561 99
2650 45
2830 77
1610 47
1101 39
817 83
1843 96
2069 37
2529 2
3147 43
2438 4
825 69
1011 67
191 17
3684 9
2568 86
4030 5
895 94
1489 87
3934 51
1429 34
2499 90
1849 5
2788 34
1599 31
3893 84
3233 80
2595 65
2889 26
1513 20
2466 8
1641 70
2934 20
601 61
891 99
844 36
796 46
1125 99
2060 14
921 5
2229 57
3228 18
834 48
2980 92
2486 79
711 20
1398 80
1029 7
3692 98
3162 11
3666 8
621 44
1071 10
2202 2
2508 100
121 63
2184 35
1696 41
3938 75
1240 15
207 57
2510 89
1778 2
3680 77
157 38
1349 96
1796 15
3332 50
3193 48
169 93
1333 78
1677 30
119 22
1485 15
1293 75
1607 79
521 65
1453 92
2111 3
2833 30
960 2
1026 31
2252 94
1060 2
3082 65
3863 47
2355 5
2276 38
3874 46
3104 58
414 60
2521 70
3727 22
1610 74
1541 18
3503 24
2445 95
163 47
3310 86
1547 12
1247 69
3810 88
904 35
2640 29
3290 60
271 3
3150 12
2574 47
3989 77
3230 88
2209 62
1879 89
2460 7
2519 60
648 74
585 39
3442 65
2035 64
365 73
2387 68
3097 89
2228 98
1425 63
1806 72
1690 7
3084 99
1474 33
267 28
553 96
878 77
4001 53
3467 62
3376 45
3276 7
679 77
2698 16
2062 99
2220 95
4043 24
3361 68
3096 27
2280 32
2656 24
2197 78
1255 74
2812 9
1634 20
213 22
2831 8
292 27
2074 52
2176 46
146 66
1178 99
1142 15
3465 25
718 79
352 81
1827 65
225 8
3062 65
3836 70
1065 37
3452 55
867 17
3606 75
981 34
222 35
1901 70
680 8
2680 36
1487 25
1299 62
2530 8
4063 76
1426 1
155 76
40 85
539 21
2053 51
3398 28
2902 14
2000 4
3979 89
2351 14
2294 68
2884 85
3420 37
3083 24
3577 26
3745 60
3927 68
1362 68
238 5
592 41
2366 84
1847 64
697 93
3640 71
2720 99
2140 44
2507 15
997 23
3430 10
2249 58
3472 9
3285 19
2992 83
492 16
78 67
316 71
585 52
1925 42
2219 47
791 58
3218 37
2925 12
379 98
1863 64
1200 7
1044 68
297 83
3431 1
3716 95
3373 23
1128 99
2183 90
2537 70
1259 46
1526 89
1629 63
2911 87
2686 83
4033 3
3127 22
987 91
385 40
3442 1
358 85
1946 24
3205 73
4 8
1135 16
1095 45
514 69
1175 70
983 60
2574 84
4009 71
642 59
4026 22
3007 21
1217 18
1342 19
1615 82
2263 53
143 33
351 17
695 40
1803 41
1011 32
1670 57
4000 80
410 12
2770 5
1854 10
3128 4
3597 100
174 40
1932 19
2360 15
2741 87
1862 25
1531 3
2860 35
3994 7
963 12
3488 23
1041 20
3624 27
3664 42
3854 42
2931 21
2305 22
1872 100
1352 83
2487 90
1266 62
3124 100
1615 62
2462 99
100 91
2144 45
1473 52
800 33
3290 54
3864 95
3478 22
1287 28
2148 76
1786 18
2090 9
3917 68
1781 73
3194 98
1680 56
111 32
1001 74
1077 37
3588 89
1994 50
848 16
577 67
3766 67
1434 25
213 33
1749 42
2483 95
1841 29
885 20
3096 84
4096 17
3912 61
2675 14
951 90
3668 72
3619 68
241 61
2593 45
412 9
2076 91
134 17
1503 10
1909 46
2099 42
2832 60
1567 62
2648 2
157 42
2499 15
112 96
2323 1
3099 88
1636 40
1187 22
2714 77
507 5
3162 72
3836 51
2184 53
1864 84
594 4
2401 85
2844 71
2332 77
2504 11
3034 18
3723 14
613 65
1449 73
627 80
335 13
913 17
897 83
3069 32
3947 99
3488 38
326 75
1285 47
1310 99
1432 31
3728 82
2346 27
1391 96
2708 32
597 100
2773 35
3398 38
2053 30
1117 48
3543 83
1920 88
1098 26
3463 49
2437 27
3350 37
3446 10
1910 58
2035 40
335 59
1143 69
1510 40
2100 35
3091 11
664 32
2730 32
1622 62
2589 42
3480 13
3718 1
1359 43
1377 97
2192 93
1318 16
1471 39
2502 30
474 26
1873 49
2785 19
567 87
1290 71
3499 15
2418 32
3199 84
605 38
869 16
1913 30
3729 100
1173 62
1310 22
2497 15
1452 13
800 99
62 6
1805 83
3506 74
4042 68
2150 84
3011 41
3463 9
662 57
3020 83
3726 91
1902 20
1410 90
918 80
3152 66
2898 61
1328 70
887 83
3001 8
3145 25
3947 57
1796 13
2194 63
3901 30
3387 82
3806 34
2756 21
100 58
3025 36
533 65
2933 18
3864 95
3517 21
3575 65
607 64
1097 46
1430 96
2475 99
3021 23
2937 18
993 70
3810 47
4068 11
1425 81
593 45
262 19
3699 17
2179 60
3534 60
3927 99
117 63
2648 3
1207 51
3031 2
394 15
1117 89
2127 43
3728 90
1446 76
1566 18
1859 39
920 89
2820 64
435 41
962 75
373 13
197 23
1428 43
901 40
38 95
2663 86
1244 90
1679 47
601 22
1784 98
3960 28
1155 39
1545 73
3914 36
344 96
3848 84
1536 33
718 15
3379 52
1946 87
990 89
922 61
3213 87
1239 42
3150 10
3926 73
965 41
757 63
880 80
2161 86
2402 41
1079 47
3583 73
3456 46
1908 82
186 32
643 25
1000 84
957 48
2331 12
3445 95
368 6
3979 78
3324 23
315 39
794 58
2481 45
1049 58
3226 72
3350 23
2403 70
3921 27
2517 97
2249 81
3508 34
1724 24
609 92
2100 60
2555 27
271 82
1776 7
3838 45
2350 77
1140 61
1372 5
2045 35
2602 65
901 53
2989 61
1240 50
3392 72
1613 1
4065 58
2769 47
1099 81
2079 99
1867 77
4073 58
339 51
2099 60
2346 100
317 18
2910 31
3653 34
221 87
288 60
1272 45
2467 23
3267 40
3022 74
1173 36
2282 11
592 75
3825 15
66 13
321 16
2295 18
2682 28
3829 51
2787 66
987 72
1140 85
906 79
546 64
552 82
3593 86
3245 9
3238 33
2727 1
866 64
214 32
548 91
1289 40
1584 40
1742 72
3605 62
1518 20
2772 10
2885 98
705 73
59 43
988 12
3957 77
59 85
1796 67
3436 36
2621 94
694 14
4094 99
3824 86
3364 24
1274 88
1900 93
3006 76
2154 37
363 35
2339 83
3529 16
1392 5
1876 84
1313 40
2231 31
3461 1
2314 21
1197 71
1792 28
724 70
3297 9
575 61
867 47
1702 19
809 51
3466 40
3358 45
1579 12
939 39
1137 53
3251 33
543 52
2990 67
722 30
1884 24
3303 89
1855 9
1404 3
3119 80
2571 67
214 55
1577 99
2937 34
1062 55
4077 92
1656 35
3614 97
2593 83
1165 99
2944 52
3614 25
99 2
3973 5
112 31
1753 31
2655 65
1509 97
973 38
3528 86
695 55
2299 28
1214 38
1050 17
810 19
2623 39
285 27
2431 100
1196 2
2388 3
2460 13
1754 73
135 74
7 75
2999 85
986 38
1510 35
3062 25
3149 94
3979 21
3548 31
3574 56
2262 98
544 11
2274 43
1777 71
2832 7
1810 44
675 16
1091 84
3856 32
390 44
3131 54
3022 3
928 37
3451 18
2935 39
1016 83
3224 48
1009 7
3913 54
1621 23
817 74
1937 67
442 12
1842 49
2367 4
4062 48
507 37
2711 5
1504 44
2008 6
73 41
3670 90
1088 53
903 21
320 72
3666 74
770 37
43 86
716 77
237 42
3246 30
62 26
1075 97
1091 30
3271 43
2593 60
32 67
816 75
2353 68
2513 1
2282 34
9 9
1236 80
1558 99
3139 47
336 63
1908 94
3752 28
1838 89
2540 92
1009 87
3255 65
1781 8
3513 81
447 45
2106 27
1231 59
1758 9
3334 1
865 75
608 96
991 40
1910 10
3432 77
913 31
2034 41
1182 20
3186 23
111 86
1809 41
3500 75
2787 2
165 51
1935 54
1498 93
2233 42
1377 90
667 9
836 63
281 29
3869 27
2420 30
2379 98
401 85
2678 50
1887 56
889 75
2068 80
1314 52
477 59
3875 91
44 25
1872 85
2062 96
1773 96
1029 68
3645 74
1402 89
2788 48
1414 45
3989 39
339 58
1130 13
1550 57
1473 15
1693 86
1711 91
2360 10
2746 87
1732 99
804 32
256 72
3288 63
2957 32
2443 47
2974 20
1134 88
789 55
4043 71
666 70
3226 11
2220 80
1725 31
900 34
750 29
1185 62
2946 38
3244 39
818 66
2150 90
1935 19
1932 77
1898 6
2562 59
1274 86
2095 11
2884 10
422 35
204 91
2902 8
710 76
2347 45
1526 89
701 34
831 55
3802 92
2856 85
3394 86
2788 23
2320 24
1385 42
2454 32
3055 25
1714 88
1010 35
1573 28
516 85
1634 6
3867 3
3990 62
1301 89
3022 76
2812 88
1928 31
2776 60
274 96
2450 86
2432 36
796 47
3412 12
3608 100
308 87
1916 52
915 58
67 33
1833 47
989 100
1342 81
1241 17
1831 21
2038 23
1140 53
2401 43
1658 70
4047 92
2726 34
681 48
401 16
1310 35
3443 87
3998 83
3449 5
2681 35
3615 32
2439 95
1118 30
919 92
3515 59
2436 90
2960 58
3906 15
1595 12
2056 51
1603 15
3166 36
1712 53
3244 78
1262 90
2317 18
2368 35
3369 44
722 95
636 100
2692 81
1661 53
1563 33
2232 97
1460 98
3145 52
3647 49
2107 91
2016 33
465 13
2077 33
1037 63
631 79
250 6
2322 61
3225 38
1163 49
3424 79
3731 83
1700 63
3345 59
2867 86
2744 50
439 29
1503 33
3148 79
2902 74
103 22
2177 51
1717 42
57 71
25 22
2724 36
3809 99
831 69
3483 29
2439 26
659 74
2087 91
3813 82
2998 65
2205 42
3682 79
3170 45
1790 87
2261 49
4096 94
2409 68
2690 26
3044 13
613 32
239 67
196 30
1982 38
1690 37
4031 72
3811 62
1241 40
360 28
1124 10
697 22
1372 46
3185 61
366 1
294 66
3072 16
441 19
3933 40
3298 88
877 22
1012 80
1738 48
3598 25
2641 44
3987 43
2531 46
2030 3
155 48
223 21
1920 87
330 48
1105 1
504 1
1004 89
2321 79
3128 31
1579 50
2358 23
3784 27
3535 95
3830 53
1150 91
3490 15
1570 32
627 65
143 66
3371 95
58 46
465 39
1735 35
2932 21
1577 70
3123 86
3898 24
3406 67
903 32
2177 19
495 5
1957 91
119 59
2728 94
1068 94
260 5
4001 36
1639 10
1871 66
618 54
3130 53
2124 37
2290 29
3748 20
2569 16
1820 64
2260 50
2674 83
1637 83
2365 28
1383 52
3245 58
812 22
1572 39
2443 95
1352 8
276 20
2224 48
3194 35
2004 91
1110 25
4021 88
1036 12
1019 12
3653 39
2226 38
3102 64
1194 94
1152 42
1231 30
83 88
1775 52
952 88
928 16
1549 25
862 42
3290 83
3431 69
147 95
2916 57
3897 42
213 83
700 89
3118 58
2423 24
1829 32
576 90
3081 70
1578 82
900 99
1862 48
2017 76
854 43
830 53
1700 55
2361 70
18 45
2798 76
2425 41
725 18
2540 11
1507 35
1009 71
3624 7
2535 30
88 18
340 18
3411 86
4051 82
3502 42
779 93
2310 10
3749 82
3277 67
823 20
2491 4
305 76
3764 28
1869 56
3068 74
3048 99
3471 15
4053 69
353 26
3982 78
2716 14
972 5
784 83
2227 86
109 26
894 60
3456 86
1950 87
636 8
2256 20
3106 99
1959 71
1586 73
1418 7
1614 11
3739 13
2661 11
348 85
3323 67
1839 79
468 48
219 36
1156 57
1373 11
2806 89
758 61
2281 16
1398 26
717 38
2835 70
248 37
930 67
671 85
2151 42
2451 100
1171 51
347 27
1547 54
1607 77
1479 95
1159 4
1919 72
3662 67
284 93
2673 74
2578 73
2350 49
2008 27
3928 64
2291 39
3587 59
3070 49
3919 17
3573 23
931 61
3457 66
2555 98
3688 23
2540 81
2889 31
1253 22
2284 74
2232 85
2118 99
3642 58
196 5
261 75
1863 40
2283 14
2188 100
2614 33
57 40
1598 26
3763 98
1252 71
1728 47
2559 85
2371 80
3595 9
1213 84
2259 3
122 68
738 48
3169 13
3523 85
1128 49
3138 49
2733 80
2440 52
2200 12
1789 87
3493 38
1582 13
794 16
2406 38
971 71
601 50
1822 23
896 18
363 38
685 6
2158 75
3880 65
1911 37
3877 1
2002 97
3566 69
362 63
423 24
1578 47
3299 18
2624 92
2685 17
3183 75
829 70
2722 4
3318 67
2007 88
3528 61
1239 88
1652 72
144 12
1083 73
3351 59
3823 96
661 90
3885 56
639 47
2243 10
3466 19
1511 25
1538 32
1015 64
3571 94
2460 20
3440 16
2770 39
3642 66
1724 76
651 100
3666 25
3925 87
2900 77
3581 17
3626 26
838 84
3379 74
3067 32
2120 16
2647 9
963 23
860 78
4088 1
3816 38
2374 3
6 60
2518 25
3142 34
2845 3
2735 53
1056 20
1830 83
2296 82
2958 50
1069 41
673 66
384 9
3257 32
1654 71
1941 44
1955 72
787 20
2977 81
2084 79
1173 66
615 23
3989 17
2215 98
1337 14
990 62
2186 43
3965 80
3419 22
657 58
1829 86
1298 40
307 15
3203 25
3011 57
240 91
1325 96
413 8
229 27
746 17
2551 16
91 63
210 92
283 3
1336 18
683 34
3222 63
1944 44
3471 29
2131 50
3814 96
2894 36
619 20
3136 94
4023 42
1050 21
3990 48
1583 56
2731 48
1492 67
3662 88
2296 57
3271 63
3240 56
1288 77
1114 8
791 39
2275 98
1615 52
3189 72
2507 31
2535 70
2643 42
491 9
4006 21
1000 55
1683 76
1036 91
2193 43
1341 2
2820 23
3041 80
1070 52
1088 54
2668 79
1413 85
1611 38
3211 30
1745 45
2441 48
370 29
2429 68
2591 59
3121 70
669 96
3246 82
1022 22
1052 69
3504 57
461 56
1166 1
1115 92
2805 10
2361 50
3442 99
44 97
989 79
1229 41
2888 19
1730 26
1655 15
3003 48
2507 15
265 20
80 10
3048 87
140 26
2238 18
430 53
1625 46
3240 84
3215 59
86 33
2301 81
2337 14
3981 76
1388 39
130 34
16 12
3390 59
3712 33
1163 92
518 97
1048 97
2834 1
3830 6
3729 67
423 44
2406 64
2463 93
3880 11
2092 71
3004 35
2529 73
1009 65
1989 20
738 87
2665 22
3360 96
2318 29
2269 4
829 85
3657 9
1086 10
1075 30
3915 84
3294 80
1526 17
3727 45
1702 4
982 83
422 30
651 14
2750 71
2829 44
2922 97
2108 64
676 54
3511 92
177 7
429 49
1329 12
32 26
339 26
856 4
3459 2
584 1
3866 17
1866 5
2188 56
3744 17
2459 32
3318 62
3827 26
2615 100
1836 29
3221 67
2735 14
2429 73
295 9
1268 23
734 79
911 76
3776 63
3293 41
3840 65
2286 64
654 40
2226 16
582 86
798 41
3862 8
3785 12
2078 85
3031 35
2942 5
3087 21
1352 81
3752 40
3904 74
2008 73
3465 63
3284 91
559 61
1399 37
561 55
3413 58
512 57
2661 94
1764 6
3388 70
3692 27
2088 85
2955 56
1617 65
2744 5
2699 82
515 64
2922 92
1199 19
3895 99
748 53
1517 88
2605 49
4072 61
3637 53
1537 98
632 74
2619 13
2248 42
2970 83
659 78
3491 61
1769 42
3920 66
237 28
2071 69
2546 51
895 73
2404 77
373 22
283 13
2504 26
832 77
1945 43
3432 25
3366 29
1503 91
1366 89
2697 45
3344 48
3704 57
3814 77
333 65
443 11
843 73
2177 51
3679 95
749 81
1935 74
2984 24
1513 36
3656 55
2039 23
3278 48
1875 47
2454 26
3766 81
2543 85
3674 70
1366 85
735 44
3368 94
972 13
2438 34
845 73
479 3
50 25
2453 100
3405 4
2982 46
2102 56
3394 52
1842 93
3908 73
2984 67
2209 2
2981 63
1872 21
3497 65
1210 50
3053 17
1668 48
971 73
2696 10
3354 90
1965 21
855 91
2330 98
4084 11
1497 70
1307 28
691 69
3356 48
3205 59
2835 64
3830 27
2849 7
1436 27
2992 87
1806 62
3087 83
3662 36
364 98
2128 95
3187 46
866 56
1219 52
2845 46
3483 55
619 34
260 24
2962 16
641 49
662 95
3886 64
2515 58
1465 65
1768 30
127 15
2830 13
2127 33
2462 69
695 58
2502 66
821 14
2890 65
1518 89
786 77
2600 25
35 53
2927 58
187 86
3972 52
2389 97
2788 35
586 30
1107 11
2342 100
2616 98
89 47
2117 74
746 95
778 99
1660 74
3783 42
1643 70
1476 25
1754 15
3399 50
3117 54
302 33
1359 8
3179 48
2899 36
1232 41
671 52
428 46
2792 77
1633 46
3437 63
1229 4
131 34
1711 97
2589 51
3654 97
3464 80
2174 19
2342 65
3963 95
2823 84
518 27
2696 34
1451 15
1055 9
566 88
2776 69
1456 47
1210 92
2777 93
319 42
2600 88
800 30
3191 7
364 2
256 15
1672 96
1588 39
625 88
2561 46
1233 35
1331 68
921 39
3130 43
3370 70
1959 25
30 65
1757 13
260 71
3615 81
3961 15
882 70
3550 70
3479 50
274 45
138 61
1381 18
385 29
1743 10
2563 19
1924 68
2384 17
202 75
784 13
3933 2
2955 13
3433 54
2100 88
1716 5
1283 25
3250 21
3420 61
1466 98
2783 63
188 4
881 5
1455 58
2494 26
302 21
2088 87
2555 45
2230 32
2455 45
2424 63
2612 75
1969 99
1397 64
1936 53
1368 97
1925 45
3526 8
3257 74
963 5
483 94
1315 15
2468 79
370 8
2387 60
3068 80
1077 20
2046 44
2595 59
2148 41
2752 32
2785 72
1720 13
821 63
3650 20
3659 62
3681 91
3667 96
3060 42
249 96
1827 68
160 33
95 57
2340 46
3640 63
1238 85
3558 72
5 65
1542 54
1440 99
3732 45
1175 5
3896 34
4071 29
52 7
3075 34
4073 98
609 27
588 24
2937 9
2774 28
178 77
191 39
3830 73
2943 16
1773 93
1036 99
3626 62
1173 87
1393 68
1397 16
3623 6
2926 61
2461 43
2229 76
2947 15
31 48
2018 22
4024 88
2827 77
182 53
2269 42
4089 79
2496 81
3978 22
3058 36
865 70
1296 55
1162 67
528 73
3970 68
3042 100
2148 84
2185 8
3122 84
3552 80
859 14
1322 62
2307 18
2025 13
3905 85
167 12
2683 35
1744 98
2309 14
1208 83
1009 64
1215 83
492 49
3199 75
1515 33
697 49
2925 77
1103 62
2232 39
969 79
3636 85
659 39
814 75
2431 35
1201 98
148 11
1265 41
616 62
216 91
2311 23
655 42
433 50
3513 49
3088 89
2387 66
3454 31
3717 61
1148 41
1984 21
856 81
2543 80
3463 69
3545 56
3965 1
875 79
8 3
2435 78
1722 41
2109 56
170 10
6 47
2207 37
3382 1
2620 37
3039 87
2289 73
3793 28
213 10
3818 84
2689 83
1553 95
3491 52
431 24
3554 47
3815 95
652 68
473 31
348 83
2299 99
2345 20
1887 50
1778 23
1685 63
4003 82
4087 62
2710 89
645 11
2737 63
1643 50
3006 23
227 26
2397 67
2420 17
3397 38
3955 79
234 48
3742 72
3993 5
2005 38
2206 60
2884 65
1594 15
1060 88
983 99
2960 82
3068 26
3724 10
541 88
3157 75
2521 51
835 77
3524 64
297 91
407 30
2179 74
351 30
1075 73
1401 9
248 23
3840 95
1784 96
444 50
532 62
1552 99
1308 68
505 32
2932 27
3068 2
3485 15
2473 59
2349 46
2029 58
1254 2
1210 50
2563 33
937 98
2913 22
1962 83
1020 17
3893 57
2738 70
3437 16
3786 85
746 23
2754 8
1669 62
1149 30
403 63
