3668 100
939 48
3300 94
3617 35
2983 42
1198 24
1529 35
348 20
972 25
2611 62
3124 46
3657 27
3612 87
3133 47
3718 25
669 61
3938 66
1022 52
1297 8
2 23
554 46
2642 81
1670 70
2767 74
2225 17
1585 66
159 29
1919 4
2534 33
1122 75
1173 11
3318 1
376 58
847 31
3964 88
558 49
1368 14
942 31
1801 12
756 50
3003 1
2168 57
1320 56
2250 26
1975 99
3037 64
3158 98
2752 74
1044 39
816 59
2819 18
3084 58
627 46
1144 22
201 64
1830 39
709 93
1008 22
3847 81
796 73
886 36
625 94
3031 63
1488 36
1523 23
606 26
2320 70
901 65
1681 91
400 9
3151 100
222 94
93 23
2314 68
3584 52
467 86
2405 95
1893 7
1139 97
1602 34
1756 9
1722 89
1066 76
2433 92
3320 9
2987 92
3603 30
1928 81
2562 58
3559 67
1743 46
325 20
1369 99
3717 87
1236 54
1413 62
348 52
3026 2
2343 59
565 71
1598 70
2593 31
1801 38
309 75
3890 79
206 23
3439 17
2370 46
2344 1
802 74
1776 69
3052 79
3604 82
3864 87
1380 44
3315 16
3437 37
3636 3
2237 12
46 35
1664 99
2629 26
3794 98
4087 63
2870 78
2785 61
2431 29
2652 43
3276 66
3907 78
3596 76
2701 92
2922 94
593 66
3898 35
3392 81
150 84
4020 22
2888 80
308 71
3938 9
3743 17
3556 13
1999 56
1061 52
1990 12
2233 91
2894 5
239 6
3974 63
435 41
1899 80
2105 29
3979 81
2063 23
2697 22
1830 9
1031 53
2917 71
1136 70
3970 99
112 9
1925 15
4063 62
2185 7
1383 77
2801 22
210 84
1977 60
154 24
3800 81
1152 78
715 96
1731 6
2690 78
1135 97
4032 22
880 45
4019 31
712 97
379 67
3440 66
81 68
3152 62
2537 26
3148 17
1101 25
1003 78
2353 13
2759 19
273 79
557 71
2619 73
3596 93
1616 15
3559 19
228 3
953 68
3096 94
83 81
174 30
210 81
1915 75
3582 88
1164 84
630 12
2466 94
2603 2
3079 9
1283 49
1577 83
153 10
2184 38
3909 17
1098 61
379 21
1559 61
2693 17
1714 82
2052 22
2410 8
2425 69
2078 46
3584 97
152 31
2628 14
3205 83
1936 29
21 25
4070 5
208 17
3792 42
795 92
3476 18
1127 33
1565 3
2701 91
2987 68
2811 42
2841 83
1537 60
263 13
77 16
1283 66
3797 10
3187 51
491 28
3838 2
343 99
2197 20
1596 85
1922 83
3880 11
1519 5
2741 16
1674 66
900 16
1030 76
2296 26
945 24
1020 54
1709 5
1717 24
2179 9
1287 8
3450 80
2685 81
1118 64
3162 69
2499 93
1815 28
404 43
2788 65
3628 25
2288 15
2769 71
3828 93
1464 63
2945 31
424 93
2669 66
1627 67
915 21
281 25
1538 58
754 56
1094 88
3603 82
3015 22
2591 30
1732 97
403 19
1616 21
3286 13
2839 53
2750 35
2229 45
1918 95
1944 43
2257 76
4088 78
2941 70
2625 48
1541 7
2265 1
2123 30
3155 64
2212 89
2836 23
3199 40
3585 26
2729 73
2431 83
1318 44
1251 88
1694 29
2139 50
3277 66
3578 48
847 14
2722 16
1742 5
1899 58
140 34
2021 30
254 88
76 97
1197 61
2622 16
2255 19
2503 2
793 29
3678 74
2116 61
3865 70
519 39
2681 35
2496 24
2501 44
1433 10
1440 97
57 73
200 5
3778 86
2113 7
3267 26
1448 93
1298 95
2327 58
3018 68
1429 61
3373 62
3148 16
168 76
1439 85
1904 27
3852 98
2681 56
1065 24
1560 81
1629 45
2059 55
2832 83
2495 45
3870 10
3650 30
1562 70
572 25
2290 32
783 11
2021 91
290 84
388 12
400 62
3662 75
786 16
45 63
1149 47
2262 24
1152 84
1026 40
3807 34
3027 50
3573 68
396 21
3078 55
3101 67
241 22
1229 3
2085 74
2770 99
3932 2
3052 54
130 43
473 59
306 18
3031 48
2645 41
277 45
813 87
3289 9
1409 43
3803 98
3351 38
1174 87
822 13
3384 22
759 21
1279 61
1586 33
215 46
398 28
224 64
2182 84
2350 31
1181 79
3060 82
272 32
3940 84
1866 12
927 11
2506 57
2660 91
1179 59
2155 38
2236 41
2637 18
584 67
2411 27
2057 61
1392 14
583 88
3185 77
2212 49
2849 9
2812 9
2869 68
2633 57
3833 52
4035 40
3132 49
422 97
3187 76
1119 55
3012 16
1437 92
1337 34
1070 67
2312 36
539 26
1777 90
1295 98
963 31
1801 91
3419 15
2870 44
1793 22
2447 88
1616 59
2496 86
3058 68
1168 43
2295 15
1174 38
3681 60
2417 17
1368 10
1946 96
2043 77
1574 84
473 79
987 9
3526 43
1877 12
1895 24
2818 56
3643 33
1286 28
1697 96
1060 91
4035 62
2976 82
3365 75
3078 18
1766 34
1129 1
1661 34
2359 10
1223 84
1014 11
1423 29
2487 55
995 1
548 8
2838 51
2146 54
2835 48
69 58
1076 73
1285 3
2361 91
3922 18
844 15
2489 62
2317 25
1998 67
2724 48
2477 79
3823 5
2831 78
3416 16
259 2
1098 60
1975 16
1124 57
3623 76
899 96
1687 15
1886 17
1180 6
3283 88
1337 86
130 40
805 80
3024 87
131 12
3568 90
1434 14
820 26
3936 33
3546 33
2424 64
3860 3
1043 33
3847 44
2954 89
1292 32
1675 60
3964 50
3112 55
944 9
797 82
1878 8
1963 38
1704 43
1891 69
230 11
1913 87
1907 45
790 38
4070 34
1308 10
674 19
138 83
3926 24
467 95
3220 86
391 17
187 24
2948 6
3465 54
136 99
2324 79
3292 86
356 8
2769 33
1248 99
3616 92
1278 73
2759 53
2628 45
3106 36
2446 95
539 80
915 7
3018 18
3521 48
2832 45
1612 92
2084 19
2280 31
2723 48
2991 19
245 9
886 62
568 84
3628 61
2369 41
1821 78
1035 19
4015 100
3057 15
2398 39
2561 88
2608 40
238 42
212 63
2172 20
4052 38
1647 45
582 8
968 24
1754 13
83 90
2025 71
2369 85
803 95
977 71
425 72
3115 55
1125 33
178 39
377 5
1459 8
1961 40
248 21
2625 38
3423 22
2566 58
3003 15
25 17
2993 59
3835 21
2738 20
221 24
3496 76
70 4
2228 40
933 62
2604 81
559 50
1523 38
2117 76
3196 51
1549 78
4056 39
1080 81
1809 43
489 90
3674 68
354 79
1328 55
302 98
3261 73
885 57
1661 5
3800 37
643 90
3531 35
2866 97
3945 93
551 80
1938 6
627 77
2805 48
2504 89
76 3
162 27
1681 56
2810 24
1275 83
2850 21
1267 35
3749 54
357 94
3835 89
2628 27
93 59
3579 87
3615 63
786 89
4028 34
208 85
1358 40
4023 52
2026 51
2389 50
675 35
3118 63
3226 59
3209 7
3517 31
500 97
1326 39
3597 1
1077 53
1998 5
3012 85
4033 22
2628 87
1441 55
2699 4
3460 39
1856 50
2524 13
3823 61
645 42
3571 19
2185 13
2941 89
1884 9
3935 46
1793 68
3775 62
1482 3
3086 25
3817 46
814 94
1332 45
2092 3
3796 2
3590 15
3742 79
757 33
232 28
2848 26
2404 94
116 54
3680 42
106 56
3399 22
3027 8
3117 79
2874 11
774 17
1442 79
3040 48
2727 100
1685 77
2850 94
937 98
2581 7
3513 62
411 10
2542 52
244 98
2840 34
3918 12
1555 6
3950 23
3754 58
3207 47
2718 3
992 47
244 97
1651 59
3112 97
2649 97
2275 61
577 67
3588 81
3488 10
3137 31
3950 33
757 44
2276 51
454 5
4075 53
2886 46
3321 54
1630 43
3432 62
827 23
3574 88
2460 61
3499 94
2933 20
3280 59
3200 82
3571 77
4048 43
3762 78
1207 62
2518 76
663 94
625 19
3504 39
1772 34
2550 85
175 12
152 41
1571 7
1384 100
1473 98
1308 67
2607 57
3116 77
2777 26
136 93
1514 69
970 55
1776 5
2719 39
1963 84
3521 44
129 54
980 3
176 79
1443 63
2017 65
1110 11
1619 25
3995 68
318 27
3348 82
1364 92
2316 69
3883 71
1882 16
624 26
2960 35
2390 44
1113 7
2455 66
2241 27
1189 92
727 54
1226 3
3289 50
493 93
3277 27
2328 73
1232 90
1573 85
3152 98
431 86
1462 6
1538 24
237 61
1375 89
945 43
3416 16
23 7
1550 98
2785 66
3930 32
1104 66
2309 35
2129 77
4071 66
1982 96
533 52
1333 28
2683 32
283 76
477 72
98 83
337 25
758 46
870 85
1352 69
1606 45
3971 23
2979 72
1783 55
1970 34
3741 9
2579 69
3832 98
2965 96
1442 34
1538 5
3249 89
1514 6
1331 29
735 25
2894 33
831 11
528 21
116 52
2883 15
1198 85
1684 6
1723 14
597 18
2683 61
1755 10
1445 75
1086 29
2495 51
1813 47
1247 4
2193 25
2833 35
2896 54
1889 77
1510 83
1374 64
2283 58
2446 83
2818 49
928 6
3489 62
331 68
2131 96
5 100
822 73
3489 66
1511 95
3289 18
3251 78
2010 19
932 65
3402 92
956 65
164 42
127 60
2061 45
1518 24
2524 19
3724 6
3156 90
2894 1
661 9
2284 37
2002 98
2249 61
3742 20
1250 17
988 9
3141 22
1199 96
3682 69
1813 46
1706 78
2548 88
1523 32
3080 83
1952 46
2440 15
3771 97
2785 75
2971 76
142 64
196 93
3569 51
3100 57
3970 13
3774 92
633 52
278 10
3790 64
2046 72
3965 44
57 2
2434 71
3557 6
2838 29
2287 21
3345 8
2815 15
2315 8
1498 69
793 63
2968 39
329 70
1775 39
3845 89
2039 21
3329 30
469 21
567 18
81 82
1308 27
2126 3
2075 16
436 98
543 66
2465 31
1575 78
1498 41
3794 100
1616 35
2177 96
454 51
2350 24
2561 96
3372 72
2791 45
370 91
525 86
3382 12
397 10
2963 7
2142 100
2026 55
3259 80
339 62
2385 24
3426 87
294 43
1716 39
2613 39
943 10
2921 52
3297 98
3209 78
405 22
3803 56
1155 93
2343 88
2785 29
3097 79
4014 50
2596 92
2209 39
1689 2
3091 62
1303 27
38 88
606 30
1604 55
246 37
37 23
1583 60
3890 93
2020 27
3657 12
1472 21
1363 3
1139 51
2636 29
968 1
476 64
410 5
714 1
1594 47
2058 39
1804 64
310 34
492 41
2938 67
708 65
354 96
1510 79
1921 50
3783 66
1242 70
2610 26
3672 30
1804 94
341 97
1926 92
3836 20
1313 74
893 79
1406 59
429 93
2185 76
3491 25
1771 89
3434 64
449 36
2305 29
2236 42
3420 97
2381 81
468 24
3740 31
479 99
2284 44
3373 5
1551 94
1314 75
3468 42
1401 18
229 6
340 48
1639 14
718 11
210 37
2613 87
3290 82
670 86
2889 40
3438 83
1478 23
1310 66
531 23
87 16
1531 37
1065 29
2823 52
3248 25
1730 40
1807 58
78 71
2870 50
2179 53
86 6
3253 59
147 53
902 30
2511 32
2928 2
3041 71
2266 71
370 81
1701 33
2896 20
1487 74
429 59
1710 4
480 62
4062 82
719 37
1467 30
3402 12
2630 32
3756 4
1472 36
3700 43
836 55
3411 17
2320 24
1809 8
2578 80
1162 42
504 70
1740 87
1371 23
3558 17
482 67
2892 26
1474 20
3351 14
1213 39
399 56
3749 90
4039 62
1433 47
3126 46
2684 15
3955 5
2169 74
234 11
3654 43
13 10
198 57
418 86
2260 13
1533 78
2877 48
3781 13
2673 67
1567 7
2437 76
2430 41
2680 6
917 28
1603 60
2128 12
2328 34
1150 47
3051 95
1427 53
2589 44
797 47
3224 75
3092 32
2414 41
693 66
3672 61
2740 64
165 70
3203 72
2422 79
2605 61
1326 31
3982 57
3162 25
2370 81
2382 47
1383 97
2058 81
3669 98
1387 27
71 47
2827 26
3324 56
2589 21
585 7
1729 73
2739 46
1246 80
2410 53
3431 28
2422 28
2610 72
1692 80
611 38
2201 62
266 56
1725 19
1744 52
181 48
457 95
882 67
260 51
3860 50
3709 31
2209 72
2852 44
1696 43
3957 29
2121 69
1282 23
3388 84
2869 94
1944 8
507 62
2280 39
3361 55
956 64
88 62
1486 79
1077 32
420 74
2512 29
2028 18
459 91
3011 88
1712 19
2778 45
190 5
3238 90
2102 58
3023 17
1963 14
3338 30
983 64
362 54
3531 69
1916 90
623 91
1488 74
3479 35
142 10
874 3
1165 94
1484 81
1330 21
1877 25
3365 21
1745 17
2076 91
1525 48
2587 68
441 13
3683 100
3951 81
3525 50
1344 33
545 7
794 10
3922 51
2813 93
2868 61
1450 78
1708 14
2921 88
1964 41
3208 64
1529 76
2575 31
2924 19
1773 94
1004 65
2566 71
3293 15
562 36
3238 1
1392 62
3095 80
2034 30
3536 1
2889 81
476 100
667 4
3469 22
3155 88
2979 22
4008 21
644 24
139 9
2603 68
1160 21
1458 58
243 85
3428 27
3596 55
718 91
511 79
3191 23
2738 39
2018 69
2304 52
1128 84
143 89
658 81
3430 30
3655 7
3126 92
1563 59
532 54
2625 49
3478 39
349 95
3970 65
3575 53
3084 90
2668 79
3299 3
2386 44
1514 96
1701 65
3072 95
3001 24
902 15
4025 72
1344 85
3533 29
766 40
941 26
1051 82
2724 84
4050 81
3890 58
3229 36
3551 15
469 7
375 20
1985 88
2137 61
281 85
2309 2
870 98
2752 76
3137 99
3773 14
77 76
2286 94
3018 9
2477 99
1947 86
1756 85
1721 89
1046 63
569 91
3134 36
1795 77
2985 41
1771 37
388 72
3635 93
1753 13
1531 22
2515 45
2215 26
1855 16
1463 6
2523 39
687 53
150 90
1470 43
3217 61
2638 13
2460 2
1708 50
2008 58
2335 34
1162 63
999 54
1426 93
3505 73
1157 69
1295 45
747 34
3678 56
2439 7
1635 78
722 38
3410 81
2118 45
3228 51
2908 4
3392 93
2545 49
2507 15
966 83
3758 87
2555 16
520 92
1283 72
647 76
528 26
3972 4
795 88
3917 89
2287 26
2394 22
3295 55
132 78
2633 60
709 87
3957 63
1512 33
2943 69
76 17
2322 4
3510 15
1434 54
264 80
1566 8
2234 17
579 54
973 10
3992 75
3257 94
1242 99
403 94
224 64
3058 35
3422 89
301 91
1788 75
3866 73
204 21
2689 64
2604 70
3624 36
4053 74
3811 50
3472 69
1791 45
166 79
1926 47
1146 35
3312 44
2106 41
3754 97
1388 90
1283 5
3286 98
412 77
1401 57
1866 86
4087 22
3203 13
3353 54
1013 93
1680 80
1702 80
478 53
2501 85
3305 43
2024 90
3851 44
2292 10
1902 58
1761 94
3576 84
1846 100
2685 36
2217 55
461 80
1821 37
3681 59
2148 78
3982 11
1670 91
2780 89
279 37
3692 19
2289 83
59 38
3815 19
3717 41
893 15
3308 30
1507 33
1452 67
1837 42
2711 76
3891 91
2434 85
3965 42
2897 31
2983 40
1519 47
988 31
54 27
330 46
345 67
2006 29
2387 27
1801 98
543 18
3842 38
3494 48
