358 36
386 38
154 94
469 88
642 64
282 81
823 40
328 21
451 98
839 72
635 53
327 36
344 2
872 41
734 21
865 10
387 28
362 22
921 51
824 20
786 27
430 39
225 35
462 11
192 4
777 96
520 55
730 89
572 94
288 17
626 84
261 66
169 22
111 34
736 42
37 18
977 44
410 26
446 70
673 35
839 25
847 42
403 42
1004 22
790 82
400 94
330 29
651 68
839 94
438 23
540 40
37 92
532 12
948 27
516 77
692 29
516 13
132 52
724 74
235 35
267 76
200 89
605 7
484 92
354 16
556 32
24 75
186 1
835 99
104 99
259 80
767 59
941 86
94 18
925 65
942 15
740 16
945 56
952 25
750 84
723 67
284 54
260 68
143 40
529 57
707 96
793 74
248 52
306 77
458 82
325 16
146 93
145 67
1017 59
417 38
680 96
261 43
655 67
560 77
986 78
721 12
599 22
702 96
718 8
637 49
562 57
365 2
670 32
205 80
186 30
894 16
763 36
661 88
512 50
8 94
44 69
688 20
993 66
469 12
27 77
27 15
345 36
360 63
219 70
163 3
713 74
82 90
471 76
92 57
770 58
208 79
804 18
168 99
367 4
220 65
467 70
419 31
887 42
762 86
223 52
607 34
579 49
30 63
935 9
103 97
417 83
742 30
473 18
184 11
797 51
704 61
694 30
539 51
504 7
147 83
245 10
551 51
916 62
198 9
772 29
495 35
244 41
344 70
987 12
137 40
430 44
650 57
942 35
581 91
499 42
909 35
811 94
477 99
62 57
178 12
50 69
993 33
497 46
493 46
460 91
845 44
253 7
888 47
700 1
356 14
694 16
59 68
3 36
891 75
723 66
613 33
316 23
973 12
247 95
180 60
43 79
448 42
675 75
393 67
34 37
177 75
521 88
768 41
648 50
369 52
872 19
737 8
893 80
204 59
792 10
779 97
123 60
920 67
23 54
131 24
644 18
44 1
223 40
753 12
779 87
947 60
981 41
99 81
916 44
702 8
806 57
556 9
208 25
987 20
822 66
697 20
63 7
622 46
826 75
716 12
97 63
824 2
704 61
271 87
722 71
119 22
769 91
607 78
876 10
416 88
618 19
254 45
289 85
394 85
284 10
339 78
936 18
863 58
774 93
58 71
940 50
890 22
418 13
437 44
94 32
527 13
368 90
73 96
329 13
971 91
944 83
749 55
640 78
490 6
665 50
5 27
402 29
983 73
188 80
957 74
690 2
520 93
43 77
149 72
431 17
525 31
888 3
119 50
866 42
646 35
806 82
246 17
461 41
999 93
308 14
810 18
789 94
490 60
626 31
488 14
665 23
612 39
59 31
646 7
460 95
652 35
524 34
43 50
1019 84
741 29
997 43
293 23
313 6
744 54
591 45
493 37
343 79
442 45
997 27
127 91
416 100
141 93
1006 42
107 47
766 59
599 55
932 66
387 45
217 14
663 21
770 77
875 98
457 83
909 12
254 95
119 86
799 41
422 23
211 76
622 68
282 91
2 97
192 44
214 44
74 66
113 41
9 19
781 97
435 50
373 6
955 60
517 60
8 38
916 88
925 69
389 91
176 40
414 18
806 65
938 57
494 62
860 12
402 69
214 24
1017 1
279 10
895 2
8 37
758 70
918 71
508 64
490 94
84 29
827 45
632 88
629 77
571 91
890 12
882 94
124 26
221 98
756 43
1010 74
934 10
498 59
417 22
983 44
694 71
583 87
654 86
683 96
692 40
89 40
997 12
43 88
950 63
444 6
475 63
519 41
680 82
1011 74
848 99
173 32
814 3
204 42
630 79
443 98
270 85
489 66
600 97
950 1
271 74
1003 14
517 77
558 60
90 47
38 7
412 63
611 38
507 62
433 39
35 66
60 95
578 70
273 20
440 3
778 79
1013 1
450 91
90 26
904 21
638 73
568 87
394 2
526 47
713 34
484 73
249 86
412 36
486 33
1023 23
624 59
954 9
995 66
181 60
772 52
325 28
89 6
811 63
816 87
620 53
642 1
819 7
421 16
200 77
908 42
144 52
90 60
333 19
46 85
107 29
368 11
123 67
972 99
624 29
471 41
910 81
436 23
43 29
394 25
305 18
741 27
844 31
515 62
138 98
502 70
431 54
961 49
23 47
80 17
336 58
573 31
255 69
683 75
155 13
115 23
180 55
165 25
449 75
692 21
916 5
757 80
165 82
213 66
758 92
660 23
682 93
30 78
604 99
667 62
972 38
150 16
311 95
412 29
944 65
470 21
14 90
706 29
753 40
751 80
649 19
198 23
637 14
184 91
142 64
834 93
807 25
301 55
888 63
950 94
910 1
480 34
774 50
611 22
886 25
976 99
696 80
1007 63
368 57
994 47
648 58
663 77
637 16
804 39
874 42
437 92
666 10
104 88
910 73
274 11
556 44
332 23
861 27
358 92
877 29
205 33
719 23
878 72
800 77
963 22
225 65
988 7
354 11
260 56
924 43
275 20
266 68
217 5
750 97
595 44
276 98
17 33
646 28
394 90
758 90
850 65
486 15
856 54
1018 31
356 62
1014 61
162 27
824 50
779 88
519 44
535 79
950 56
335 42
914 48
284 63
796 35
886 51
718 26
904 22
167 97
434 25
477 97
793 1
495 65
171 13
984 20
801 49
547 12
915 4
20 11
126 28
138 77
1018 89
344 48
262 41
749 27
732 52
692 79
13 86
314 17
67 51
796 62
1005 32
867 7
813 91
625 46
848 29
128 68
852 95
24 18
161 3
206 30
390 38
316 67
949 89
935 13
371 25
620 84
971 44
450 40
836 41
76 63
660 100
490 30
58 40
467 81
296 28
231 49
211 79
484 72
321 76
440 45
784 35
680 23
619 6
191 48
173 91
413 6
589 1
57 79
950 6
482 17
708 57
738 4
619 84
658 26
918 10
687 82
818 90
643 90
840 100
620 11
281 44
826 78
309 80
885 11
1017 77
706 50
199 28
900 90
290 21
696 89
45 49
426 72
718 57
901 88
214 6
211 76
399 5
18 39
42 47
37 39
349 6
970 80
272 5
642 86
492 25
192 5
313 24
383 43
755 25
842 45
439 81
271 56
356 78
802 64
908 38
788 35
997 3
225 59
587 24
465 26
25 64
339 22
511 35
31 53
590 10
94 70
364 45
530 70
599 9
418 8
294 83
665 34
695 27
226 28
324 19
536 46
979 64
632 4
349 87
281 11
330 18
775 7
284 99
938 67
112 29
23 10
432 55
842 12
16 68
249 35
300 11
412 48
731 39
815 22
994 94
749 13
534 54
48 20
366 4
611 5
583 25
743 49
816 26
200 17
67 17
897 35
1015 76
459 46
881 40
788 66
552 34
573 25
391 31
913 18
766 82
111 95
295 19
585 2
408 18
190 21
936 2
336 19
279 9
106 42
182 36
54 69
361 13
971 2
968 18
124 92
323 22
504 71
880 83
637 50
763 92
383 16
371 89
811 50
373 48
892 34
871 20
350 10
56 58
705 52
296 41
357 46
335 73
198 53
387 38
1017 65
446 89
631 61
999 74
653 87
370 85
997 12
49 51
517 25
122 25
549 96
320 99
828 74
733 88
638 35
144 25
1002 88
637 20
800 31
368 23
712 44
986 50
965 42
231 87
727 67
851 72
359 10
756 3
727 73
748 54
366 88
197 13
755 23
954 7
922 25
428 36
362 78
316 83
464 50
35 55
96 64
717 17
696 37
392 17
442 10
607 40
937 74
998 42
788 89
15 26
60 100
476 69
441 17
615 64
45 7
294 21
777 19
1015 28
503 20
555 34
717 36
1020 45
242 21
774 74
842 8
336 20
69 17
209 89
130 9
541 61
485 18
50 15
149 50
475 69
366 95
434 51
528 64
952 12
783 19
232 36
275 1
36 76
912 88
416 14
889 57
1011 63
171 28
120 17
890 92
250 87
123 72
926 50
796 61
577 17
375 73
510 40
242 24
842 66
128 11
411 31
591 35
350 82
679 34
967 77
167 40
375 47
378 65
555 99
173 47
719 90
241 13
727 18
278 10
397 11
846 10
451 60
4 38
583 52
757 85
993 61
833 82
168 14
899 20
114 72
797 91
230 31
1018 41
249 94
991 56
817 39
741 94
991 1
405 78
406 42
654 25
35 24
545 68
783 36
933 49
894 42
110 32
539 72
715 59
994 31
1017 99
755 2
608 84
286 8
90 36
649 22
528 22
893 52
486 13
134 63
374 73
230 17
386 96
966 5
364 4
982 98
115 73
661 36
502 100
740 59
589 33
424 44
98 79
22 72
726 60
184 41
1009 65
708 36
887 13
902 99
1023 37
464 42
176 33
398 97
1006 100
718 63
746 45
705 75
156 45
277 83
216 14
820 14
671 49
167 58
804 38
523 47
428 67
6 76
695 7
364 36
642 48
868 10
458 4
649 83
561 17
216 15
452 26
629 48
774 59
223 9
30 45
411 35
115 15
487 93
12 23
892 46
254 56
482 88
385 30
399 42
332 34
642 75
309 21
789 19
577 71
815 8
701 25
898 1
856 92
97 28
1011 64
424 28
355 11
752 96
658 40
127 67
269 30
310 77
720 45
785 78
941 57
613 41
892 40
239 49
495 34
438 41
1020 67
79 77
518 82
470 75
652 95
384 20
182 5
813 81
134 21
92 67
942 100
681 13
128 28
453 55
1008 35
610 50
326 97
1014 87
397 36
128 16
559 90
409 76
771 50
50 23
479 26
930 34
958 16
775 91
440 23
119 93
100 83
432 77
33 66
246 48
213 9
734 27
267 6
107 38
648 97
291 67
527 7
175 51
1003 45
263 81
541 33
513 30
154 72
273 79
379 85
737 64
982 44
163 47
849 8
576 32
801 12
555 17
738 51
925 85
277 45
120 17
491 22
508 80
153 45
78 89
606 68
879 4
692 93
524 51
142 61
197 64
509 75
601 59
395 75
378 53
40 14
177 56
803 20
732 43
479 5
856 24
1017 22
858 73
755 40
783 55
929 27
269 32
689 78
6 78
564 43
51 64
964 24
791 46
904 3
165 54
631 99
5 39
144 80
784 17
512 51
170 27
207 21
855 12
432 7
956 32
533 35
907 68
890 95
180 89
875 66
721 34
367 54
102 42
820 40
591 45
548 16
312 74
602 3
232 55
5 12
347 28
79 43
22 33
242 88
362 35
228 92
491 24
692 74
975 39
623 79
41 39
385 1
588 31
14 21
363 88
213 46
470 66
781 15
930 50
482 94
198 53
629 46
379 17
928 97
822 93
161 43
914 3
690 57
39 17
122 43
293 41
391 74
745 14
784 38
542 35
708 31
93 72
997 33
890 18
817 52
829 30
878 57
270 96
829 61
891 75
457 17
694 43
907 23
600 84
783 92
13 5
894 15
518 23
381 9
543 32
749 10
144 74
613 61
860 33
557 28
467 80
109 35
437 84
679 84
558 59
554 2
559 44
915 94
4 68
671 33
481 58
446 75
1018 30
416 36
587 13
703 51
646 74
696 86
857 31
375 64
570 87
877 11
245 50
898 18
332 47
242 27
92 41
42 75
608 53
602 57
230 28
673 89
32 43
212 75
499 24
406 53
928 24
256 55
983 44
844 76
767 56
985 77
699 33
858 22
93 39
373 48
793 88
310 49
770 90
314 72
69 1
986 33
980 59
860 13
100 15
512 48
153 19
710 69
184 59
357 35
173 75
744 44
815 54
483 76
537 6
104 18
494 99
36 34
643 56
22 7
580 87
245 92
794 64
167 46
237 68
42 81
782 26
422 12
40 25
953 77
99 76
568 5
344 36
33 97
656 71
628 52
404 15
581 69
762 99
324 13
680 75
339 28
439 9
569 93
446 31
803 62
392 19
662 44
648 84
547 44
301 45
1008 19
788 49
895 8
253 12
839 53
57 30
320 36
626 61
83 20
886 15
606 11
208 90
315 17
133 42
893 28
395 11
904 4
497 6
775 34
199 35
572 93
484 57
900 72
681 13
148 10
425 60
765 13
37 17
429 59
275 3
17 20
995 60
708 28
336 34
272 18
571 49
787 80
502 73
621 65
943 40
379 58
925 28
13 48
896 6
81 8
489 26
984 23
607 24
928 47
472 95
959 37
573 79
531 19
2 35
159 16
904 41
653 38
836 94
978 94
454 42
719 64
914 57
308 1
325 3
637 65
288 83
552 40
73 46
793 83
217 15
708 73
783 89
366 47
842 93
995 85
154 11
754 40
761 64
953 20
341 17
541 88
91 30
131 80
292 19
361 8
772 49
746 44
36 59
646 38
326 66
504 47
186 35
771 32
348 82
825 21
173 93
299 32
557 75
521 98
121 89
773 15
965 56
62 84
409 37
73 79
382 15
456 90
589 10
161 14
635 39
127 77
849 46
912 44
796 78
184 18
40 48
108 63
993 16
1011 11
132 100
750 100
100 11
827 14
10 9
703 70
285 48
425 100
285 84
932 73
933 37
709 26
59 42
18 45
744 53
400 19
600 60
725 14
603 5
66 8
693 92
558 58
46 11
496 10
900 49
43 100
47 78
722 95
538 12
548 79
725 64
333 1
437 92
309 17
700 37
712 18
496 90
868 55
410 75
3 89
990 41
434 8
128 13
306 2
146 32
83 56
512 38
932 13
129 51
932 1
281 14
280 28
136 31
763 87
435 14
459 29
833 84
946 3
476 44
56 7
961 52
605 93
509 90
876 95
652 52
982 95
912 37
156 66
368 35
855 70
1019 25
861 69
367 100
356 3
598 40
445 85
434 75
768 85
189 21
75 35
