727 35
28 72
960 71
725 82
570 25
908 73
299 89
857 50
589 57
882 47
656 73
675 64
938 38
300 9
909 79
659 4
82 77
349 84
443 14
542 79
606 3
757 19
33 36
966 73
264 13
180 98
859 15
736 45
480 53
292 35
772 52
888 46
478 15
426 67
955 41
404 43
599 34
271 93
327 34
478 21
135 98
575 63
555 79
924 46
887 41
1014 88
423 18
145 8
278 94
291 18
857 34
331 3
233 6
434 28
628 84
618 70
532 82
296 24
675 49
174 90
63 77
395 48
687 37
815 53
275 33
41 74
305 52
609 53
877 59
141 66
926 98
287 84
971 66
295 14
445 62
952 61
313 54
475 31
12 94
265 96
697 100
424 59
389 80
573 72
596 29
884 93
913 73
954 61
68 31
211 13
776 57
610 56
465 51
737 93
474 21
1005 23
251 34
983 75
279 72
66 26
47 64
144 42
831 20
368 89
521 5
768 16
756 29
541 72
872 83
389 83
639 87
202 41
305 25
986 31
852 65
574 61
337 52
107 34
50 82
807 17
622 80
816 41
697 39
73 6
118 29
703 60
418 8
558 53
146 49
244 67
993 61
810 87
502 3
643 17
912 39
708 87
836 3
198 14
439 9
559 39
782 89
239 2
587 32
72 53
997 48
762 94
111 52
633 18
1007 83
855 82
690 55
756 77
290 48
962 14
356 69
798 62
61 98
754 69
678 90
138 100
144 35
198 5
859 11
160 81
674 1
1020 70
731 69
387 28
853 47
586 21
529 85
222 73
504 11
836 3
427 71
397 16
889 70
160 78
802 12
725 67
376 49
965 11
663 8
640 38
415 31
99 78
290 26
418 92
396 85
386 96
57 83
27 16
246 90
221 27
695 59
716 68
18 62
922 94
277 95
749 33
370 55
663 32
282 34
471 100
1001 7
520 87
229 18
875 48
34 74
142 17
78 96
211 78
275 45
463 7
931 30
490 32
358 100
829 5
582 99
56 100
264 95
498 27
149 26
767 75
462 36
739 15
457 31
644 22
622 33
599 84
355 6
64 21
601 36
70 88
151 32
939 55
113 75
998 59
914 28
616 98
613 70
896 31
523 98
863 45
1010 57
87 4
340 23
69 61
948 93
544 32
445 100
444 100
560 16
870 68
967 67
767 72
384 24
196 20
966 28
993 66
377 31
691 76
519 89
376 67
680 51
122 54
100 20
236 71
402 89
133 38
267 39
347 26
876 26
897 54
375 87
187 67
131 8
601 27
394 93
602 54
47 47
279 31
27 98
672 70
769 62
645 77
203 79
1013 12
88 6
51 37
907 6
556 1
237 84
616 60
409 13
334 4
253 17
878 100
496 24
724 77
244 78
974 100
772 86
471 5
739 97
925 96
750 65
266 84
837 70
696 51
888 88
789 76
197 68
35 6
924 99
273 50
516 67
246 90
146 88
53 51
94 43
79 15
183 23
444 32
612 41
286 7
26 73
343 71
9 24
370 54
643 83
120 43
926 25
960 43
760 64
322 58
231 30
260 64
966 12
224 59
873 7
745 15
456 57
841 4
183 8
647 17
389 63
505 74
897 15
96 2
977 73
714 9
760 2
654 79
180 27
300 90
264 27
326 52
41 28
714 39
879 91
644 50
700 3
593 22
247 26
988 95
318 9
349 83
907 78
229 40
700 34
197 43
512 84
815 11
317 44
771 77
448 32
1010 87
597 86
940 9
96 41
1014 14
302 53
214 64
352 27
910 77
495 54
652 14
297 76
261 55
676 84
348 74
321 75
648 72
621 59
724 66
173 42
622 12
929 72
48 48
587 46
984 100
669 80
567 53
370 31
302 21
610 45
775 48
191 95
569 18
687 28
813 97
799 21
7 11
282 2
1002 44
102 3
161 63
371 34
155 6
841 92
460 81
225 29
734 17
984 65
929 95
151 20
260 9
541 58
503 67
578 95
131 28
1009 74
38 52
80 68
90 39
823 30
49 57
673 29
306 2
106 55
892 53
1014 38
357 31
48 24
176 19
154 76
788 61
969 19
413 71
140 18
611 37
851 32
456 35
633 26
186 98
7 96
747 11
245 20
663 34
247 48
968 70
197 91
608 15
366 5
510 33
516 72
158 20
478 19
24 5
987 87
554 94
599 49
909 10
543 48
327 28
919 94
492 62
813 85
958 93
3 29
388 69
85 97
495 35
621 84
1021 11
38 40
1005 15
695 62
239 61
575 52
965 39
975 35
10 65
639 8
493 25
310 59
289 93
106 84
39 74
31 28
230 37
436 1
934 99
973 46
297 83
1010 98
502 13
506 13
513 91
936 78
16 48
682 14
162 73
84 37
959 11
675 91
756 76
432 18
1 62
893 80
3 62
264 67
21 83
275 47
658 2
454 9
640 1
714 36
202 57
762 42
428 60
615 82
71 14
518 51
666 26
784 25
204 41
772 13
334 7
833 83
813 44
637 4
316 68
966 58
998 67
297 77
155 32
379 51
239 40
62 40
331 30
801 58
420 51
999 46
212 4
216 65
952 46
1005 75
978 61
530 85
823 18
806 88
159 19
793 97
330 6
575 33
916 84
899 29
318 88
816 37
980 83
598 28
172 100
129 35
828 21
104 68
450 57
973 86
866 99
767 76
775 51
477 21
130 83
1023 87
79 21
737 81
709 53
918 24
789 30
830 89
352 89
1012 72
148 29
87 38
68 53
47 39
290 40
603 59
146 28
212 32
627 19
169 37
69 27
346 59
829 44
346 1
820 29
468 3
210 60
143 63
959 54
306 73
470 28
912 29
636 78
405 65
479 9
851 47
681 47
177 33
664 62
876 96
609 70
734 39
419 21
718 3
181 56
1008 3
65 86
47 22
947 31
566 31
926 36
531 73
402 52
627 56
8 20
314 37
927 99
99 55
308 1
12 10
17 72
234 16
129 49
588 36
971 35
790 10
329 76
451 74
68 50
534 3
785 60
164 58
1008 28
242 31
779 46
74 30
730 99
366 90
379 5
653 15
823 75
264 46
317 36
254 50
558 46
715 36
159 24
843 47
59 7
874 71
1020 66
932 15
230 54
441 92
253 57
69 38
664 33
625 56
624 35
259 76
366 68
595 42
24 41
924 65
912 53
646 81
20 92
834 54
659 50
185 31
218 69
350 1
132 38
49 25
519 36
781 10
574 71
81 31
61 50
5 92
626 38
194 50
339 5
664 81
955 24
513 66
767 24
265 31
578 60
225 94
855 77
352 14
718 68
560 45
603 14
543 10
221 40
577 35
104 77
419 38
748 36
644 59
972 96
511 62
977 56
175 80
905 11
297 44
253 91
27 82
370 74
63 2
512 54
901 27
136 33
749 42
742 19
455 17
226 54
162 81
726 80
723 91
810 46
62 26
532 53
747 7
480 11
538 95
341 13
565 91
412 84
858 23
662 63
7 95
469 90
747 54
931 10
465 39
886 29
628 51
40 55
412 16
730 6
137 11
234 81
283 79
433 96
131 85
97 18
67 56
57 2
270 89
319 87
680 26
1017 39
196 5
910 53
216 8
844 17
914 78
243 60
690 3
667 49
674 64
317 86
131 50
535 93
789 40
453 65
866 29
294 38
911 75
889 73
941 60
25 4
976 24
406 38
16 80
776 22
64 25
48 47
707 33
371 99
890 98
784 20
605 42
178 25
786 91
531 46
13 10
374 1
786 96
928 93
31 47
175 52
532 67
825 20
690 71
1018 68
122 78
420 51
1012 100
923 11
175 71
126 97
381 72
176 50
850 45
464 85
477 52
1014 65
951 25
758 33
780 79
168 27
79 39
86 9
946 97
891 81
37 32
68 47
27 34
60 47
552 80
689 73
715 84
487 94
879 14
311 55
584 10
187 86
47 19
1013 80
375 63
551 73
382 80
644 51
953 41
837 75
323 16
48 43
886 43
892 27
903 18
311 56
232 92
715 32
954 3
882 11
222 84
1007 15
273 88
56 69
266 56
52 20
206 60
518 11
186 67
694 50
570 19
205 38
402 17
198 77
567 61
450 84
725 23
626 10
796 18
875 100
246 2
999 76
929 27
54 72
876 48
988 100
384 7
143 64
816 52
465 61
250 73
182 83
800 59
807 2
346 24
395 51
988 68
618 16
652 58
411 26
260 74
508 95
1016 17
446 42
129 49
34 3
791 49
1018 17
538 18
499 96
62 22
667 80
728 29
180 71
139 46
331 47
680 55
94 6
482 45
250 21
196 1
414 49
176 46
125 68
667 37
571 49
368 6
891 36
717 42
360 28
501 82
715 3
990 6
812 56
854 19
671 68
305 73
913 95
943 66
11 50
107 7
87 11
384 28
704 55
132 83
601 37
991 6
436 1
630 100
299 73
624 38
708 36
332 12
690 77
749 41
211 11
890 22
196 81
812 73
709 55
765 94
406 42
881 31
262 47
735 45
364 74
1006 18
305 37
586 43
779 8
840 5
836 57
1016 97
264 33
296 3
662 56
394 66
684 78
623 98
616 73
545 67
560 79
393 40
108 50
606 43
730 51
83 38
87 85
530 36
184 19
27 1
174 7
406 45
938 96
698 14
401 68
974 60
490 45
810 12
730 98
487 36
328 38
349 42
827 63
8 35
522 46
350 89
1024 41
574 49
98 78
973 11
278 9
74 11
352 4
894 36
441 24
955 83
546 1
422 8
748 57
211 49
65 96
426 84
576 9
479 12
26 90
540 92
982 66
633 13
397 45
18 80
612 39
582 6
210 54
891 32
187 62
920 86
271 100
419 97
938 9
235 80
776 13
897 5
1000 22
327 100
926 82
918 85
824 35
768 62
686 9
759 25
951 23
710 23
973 19
35 71
550 43
142 46
85 62
816 89
568 94
135 58
690 93
901 85
298 3
57 35
284 90
716 34
25 100
917 27
71 23
441 95
202 12
890 39
557 85
113 25
79 87
775 71
969 39
357 13
1002 96
273 99
255 35
568 47
141 30
678 17
554 90
972 76
837 49
1000 58
636 86
932 26
749 38
874 8
159 6
267 68
550 70
690 94
989 4
92 12
321 20
289 39
454 52
178 51
348 47
866 3
169 24
1008 48
626 12
832 3
798 70
406 1
35 50
348 62
257 53
956 13
159 28
668 55
571 100
599 54
43 100
88 6
597 24
127 50
1021 96
591 16
324 67
403 66
783 78
444 55
971 33
288 11
587 75
19 69
900 49
513 70
736 50
25 8
933 57
777 34
698 43
139 45
233 63
940 79
687 64
1012 73
810 51
1019 78
855 63
148 65
689 78
475 39
379 78
22 40
1019 81
261 90
251 52
553 13
394 57
288 9
521 71
803 10
176 97
392 30
312 53
436 3
465 86
744 2
186 16
163 70
827 68
814 44
846 33
117 29
870 90
548 12
22 83
988 34
266 12
755 39
316 98
372 98
742 39
935 39
817 39
941 83
715 26
188 41
253 94
581 60
99 73
147 27
925 20
664 66
909 30
948 92
908 70
149 24
983 63
495 30
468 26
986 94
588 13
417 67
64 83
436 91
90 68
215 98
967 75
495 61
123 39
353 71
362 26
5 52
351 2
333 25
695 2
123 48
633 81
106 66
573 92
597 8
631 6
212 87
396 81
425 83
472 14
243 47
432 75
86 85
135 100
123 12
715 32
115 48
689 53
404 79
365 21
554 69
396 89
804 14
151 61
787 5
992 45
645 30
206 31
410 2
54 94
1006 73
213 78
534 96
518 66
557 30
628 81
941 90
738 89
3 50
144 12
486 44
710 78
171 97
804 94
816 72
728 52
178 7
446 84
491 3
945 33
541 4
194 31
191 23
374 90
892 31
335 1
651 79
153 91
466 5
658 17
523 73
904 3
10 27
654 75
473 46
1018 67
657 43
868 39
898 14
566 58
897 100
869 28
857 31
358 90
314 88
435 96
195 99
527 13
877 46
360 96
411 30
864 34
369 70
920 93
430 12
342 62
959 20
352 50
190 82
1004 28
129 84
181 2
954 31
74 8
308 16
597 99
391 1
190 37
109 44
363 77
73 13
305 37
358 51
950 4
746 4
186 11
380 38
858 63
523 58
521 40
827 23
960 68
413 15
438 95
354 12
698 71
1011 46
51 72
324 11
455 39
102 7
669 6
913 38
669 76
178 89
301 19
93 4
611 64
983 63
830 22
249 80
154 46
732 58
581 79
682 28
678 15
343 10
921 7
12 9
399 12
851 84
663 95
844 66
351 90
921 17
124 13
443 41
440 62
989 35
80 8
78 50
675 8
73 99
797 43
181 14
956 31
123 34
111 65
488 91
673 75
914 54
323 17
43 45
434 26
638 44
738 5
242 35
172 68
406 27
692 88
642 30
719 30
171 67
406 4
238 79
537 11
989 90
736 97
803 8
115 37
897 99
315 65
94 64
835 7
548 91
244 34
762 32
587 36
941 67
709 94
800 72
440 78
1011 47
201 41
97 61
670 58
231 52
99 13
54 28
11 6
27 53
613 63
408 27
50 93
662 18
849 39
427 40
125 18
834 90
867 42
317 8
106 16
505 98
980 91
379 64
101 48
661 67
408 34
760 6
361 39
187 11
1010 89
299 62
1017 75
685 42
239 98
860 86
855 70
540 52
316 36
1007 2
233 70
305 74
781 45
800 69
716 62
687 53
429 46
320 26
545 13
383 37
708 37
620 37
585 16
631 32
856 1
339 42
629 62
938 48
378 99
634 41
248 75
521 98
484 31
675 80
692 76
920 80
394 24
491 62
764 25
384 72
699 8
892 85
174 98
413 11
163 15
39 84
1004 18
524 41
955 17
800 4
985 99
882 11
817 77
48 60
917 22
661 58
995 12
957 36
109 25
610 60
605 57
1011 39
986 62
848 5
56 42
977 19
684 82
844 18
507 5
69 17
911 94
186 25
727 37
902 64
634 11
258 16
10 6
357 97
675 35
272 62
590 56
364 7
302 82
723 98
580 61
783 55
309 85
305 55
689 53
332 100
369 79
822 49
381 27
802 89
772 28
85 99
507 33
62 51
640 2
421 38
988 65
492 4
373 95
457 40
122 89
260 15
442 16
442 32
476 23
345 80
188 53
307 42
844 66
503 46
578 20
451 77
262 24
600 20
595 18
516 15
832 66
235 63
991 87
567 90
362 62
434 38
964 56
83 72
1015 60
888 85
606 23
40 73
371 78
234 28
69 7
797 76
812 56
289 38
306 78
102 40
848 93
354 87
466 58
12 2
820 88
631 72
887 41
625 92
213 65
229 3
120 39
405 33
289 70
902 49
361 96
1016 65
100 67
813 97
305 76
50 53
564 22
776 31
175 31
631 52
70 25
531 9
611 49
803 90
80 50
485 77
984 59
544 63
676 76
477 6
907 70
333 45
906 38
43 97
520 96
767 25
611 6
445 23
577 50
431 86
307 55
351 89
367 2
144 45
757 80
670 95
129 54
979 10
886 38
839 9
102 79
762 28
122 61
574 20
335 5
723 40
756 16
317 74
787 44
398 21
31 95
305 64
145 76
819 35
169 50
604 86
828 65
111 14
163 88
190 52
470 77
29 9
747 67
998 31
584 13
795 49
634 4
510 18
443 90
817 57
411 45
869 5
468 77
612 90
78 79
625 40
948 47
927 9
966 85
57 98
40 6
57 9
87 60
46 12
103 79
905 45
633 41
596 82
150 72
70 60
364 14
359 10
363 67
423 24
774 82
439 56
549 16
402 5
82 91
191 67
494 38
656 54
699 45
845 89
79 97
809 4
273 86
78 2
999 17
418 14
79 16
967 78
600 22
553 3
492 44
613 33
1004 36
539 60
1011 56
971 3
539 99
118 67
26 82
309 1
884 37
555 30
605 14
999 81
906 75
177 55
672 65
36 74
486 45
321 65
610 89
626 66
676 65
912 25
512 84
561 94
554 48
3 90
901 96
798 19
661 85
884 31
500 34
922 41
242 69
806 81
346 87
734 56
70 68
746 81
636 20
258 19
75 38
224 96
258 95
152 28
914 28
677 92
903 82
531 25
695 54
163 83
921 31
951 36
659 18
551 33
209 27
389 57
813 62
764 63
941 78
771 97
86 27
527 41
407 53
238 68
772 14
385 75
864 70
955 80
949 65
808 41
680 83
495 46
954 96
79 76
562 19
810 9
306 82
660 64
132 26
958 26
876 15
674 11
177 64
974 29
877 63
937 60
678 39
997 36
603 5
792 89
197 77
926 52
461 91
336 23
785 80
283 64
803 54
340 65
771 68
601 36
150 22
415 95
918 44
510 86
75 32
390 59
841 47
15 32
384 99
928 91
272 76
387 97
839 39
995 63
654 82
575 32
15 86
467 57
650 20
552 97
670 17
922 1
789 69
681 22
37 1
20 65
366 60
351 24
812 23
174 29
363 89
855 15
318 88
360 13
890 35
395 8
277 29
28 83
387 84
236 8
102 50
993 62
79 100
167 78
434 96
774 66
587 1
563 1
985 14
83 30
83 42
963 5
710 56
933 81
827 75
40 89
982 46
652 34
946 55
852 96
777 46
886 17
177 77
412 81
503 52
299 84
139 43
73 74
94 53
782 16
48 8
68 24
52 40
450 1
375 48
639 5
745 94
627 67
653 34
277 48
941 54
328 5
229 55
555 62
552 16
954 88
574 6
902 66
329 75
872 71
759 100
178 89
1017 12
1023 99
275 18
372 72
513 83
354 5
724 54
880 65
240 79
965 74
467 61
705 21
284 52
640 4
292 48
52 8
691 95
862 15
816 79
534 71
828 2
469 12
534 83
609 24
224 70
797 85
63 14
731 95
930 91
824 42
638 27
512 42
638 94
460 16
442 35
335 18
793 70
548 83
348 48
830 83
285 20
889 40
528 93
734 26
67 2
273 85
950 90
784 49
606 62
867 92
374 55
308 55
399 34
689 20
519 56
6 25
389 93
770 85
285 45
833 17
389 72
809 24
173 16
808 67
52 56
922 89
900 53
748 11
892 7
783 50
814 55
994 61
26 56
700 19
257 83
453 80
439 31
383 43
34 28
687 76
529 9
138 13
23 40
102 93
21 58
753 50
84 95
795 17
348 57
736 57
165 22
838 61
259 28
950 100
477 39
673 45
53 25
243 99
740 90
773 53
295 8
555 52
164 3
812 85
309 49
186 70
175 24
745 7
846 68
582 69
276 60
672 22
556 41
86 79
55 62
664 68
144 94
193 46
699 6
791 67
655 65
884 78
196 17
930 77
411 31
720 69
261 85
696 35
533 14
510 64
709 45
86 98
738 89
81 67
874 61
689 26
245 35
1009 66
770 7
370 76
107 5
228 43
801 62
646 69
70 60
1012 52
544 12
59 45
999 19
523 9
654 33
410 68
761 25
326 32
263 87
1013 39
965 31
602 40
565 30
842 100
1010 65
407 80
597 44
910 12
296 6
402 65
544 67
221 47
349 70
893 32
145 70
814 34
453 88
610 38
218 22
196 55
792 76
790 2
119 28
126 64
64 6
292 69
160 16
231 91
433 88
968 37
467 16
468 79
151 56
573 58
932 81
945 82
282 25
888 23
689 42
609 66
66 82
751 81
131 94
48 3
908 47
59 92
934 58
617 54
962 1
663 78
996 68
1013 73
349 3
559 86
332 90
278 100
266 78
396 72
962 44
448 75
770 94
557 40
673 60
40 34
265 2
403 74
112 44
486 62
692 37
470 58
134 46
1008 62
64 97
719 88
395 83
478 95
401 90
868 84
407 80
414 6
612 48
540 51
145 91
35 76
447 89
843 4
257 63
973 10
157 84
969 91
94 91
911 67
686 2
560 21
832 24
531 48
415 58
122 43
190 75
425 33
491 72
736 51
531 59
743 80
99 2
342 89
723 69
320 37
249 72
1022 46
1017 94
689 1
567 88
710 68
718 19
435 11
731 43
721 21
562 61
723 73
815 55
210 31
3 21
40 30
425 84
507 54
570 11
817 30
626 55
912 95
52 41
733 94
1015 29
653 91
610 21
106 23
500 98
396 21
288 29
125 49
521 14
815 46
380 59
474 3
382 36
101 15
198 94
687 74
508 57
769 78
745 76
837 86
746 6
779 69
822 90
616 44
458 93
706 70
614 2
41 99
66 11
617 39
752 49
343 41
335 84
688 99
294 67
656 28
379 32
720 5
442 89
239 40
997 31
482 37
291 58
313 41
260 79
412 36
280 93
987 21
552 53
21 42
530 50
826 39
347 52
172 49
629 5
277 67
890 69
74 16
45 8
852 40
137 96
823 66
888 56
833 10
241 49
32 25
201 73
723 72
910 20
737 8
146 11
745 17
795 92
568 69
853 21
775 77
602 56
777 94
235 1
578 99
378 21
221 45
901 18
131 46
424 95
584 21
577 64
53 16
405 83
354 28
820 78
670 56
732 59
290 78
933 81
673 31
887 70
666 62
741 88
555 8
666 89
126 46
174 31
814 39
385 71
254 18
55 93
122 84
986 29
653 25
668 15
226 37
919 83
974 57
756 67
586 44
980 30
403 71
49 50
357 17
481 62
348 40
470 13
805 68
52 43
253 54
829 41
595 53
631 67
375 47
679 8
1017 85
739 59
16 83
438 63
386 57
692 71
680 10
858 79
486 97
84 61
233 47
877 43
687 41
141 39
593 87
896 91
491 15
912 16
87 70
821 88
863 53
253 16
70 94
860 86
267 97
498 47
1022 79
397 72
910 68
769 64
518 5
419 56
586 15
452 89
893 100
142 49
408 93
162 31
666 13
794 21
856 48
712 46
272 11
816 56
305 78
163 72
792 74
643 22
546 1
15 37
297 97
200 12
790 45
619 88
16 23
222 31
33 22
215 65
629 89
500 54
1007 79
363 81
15 6
208 40
536 62
886 46
885 68
528 2
775 74
30 74
435 29
330 50
194 80
246 98
570 87
870 14
128 60
294 40
40 5
683 97
368 14
894 61
153 69
739 51
213 76
231 25
296 54
77 75
423 30
518 64
913 45
443 44
640 4
597 39
790 13
712 44
79 50
761 16
392 55
756 30
704 23
178 63
424 60
638 75
657 11
470 64
243 19
221 57
952 100
337 35
508 45
51 47
215 54
39 95
604 98
53 93
38 75
653 48
327 17
980 17
972 55
329 15
583 71
785 50
578 91
802 46
479 19
343 76
704 63
256 1
880 27
375 76
81 68
867 26
383 39
983 47
885 35
292 66
75 55
1006 23
256 42
72 20
523 89
668 88
144 47
707 36
271 53
394 8
622 58
623 61
883 33
777 12
857 73
879 12
379 29
838 88
1006 17
712 14
879 20
243 64
735 77
911 82
935 42
469 55
663 93
458 49
78 96
658 4
5 69
829 61
