# Сравнение методов
# Вершин | Brute Force (сек) | DFS (сек) | Отношение (BF/DFS)
#-----------------------------------------------------------
3 6.87400000e-06 5.05000000e-06 1.36
4 1.02710000e-05 7.59500000e-06 1.35
5 2.00090000e-05 7.88600000e-06 2.54
6 6.00790000e-05 4.69900000e-06 12.79
7 2.63411000e-04 4.84860000e-05 5.43
8 1.64175400e-03 6.59000000e-05 24.91
9 1.32655650e-02 3.77450000e-05 351.45
10 1.09228994e-01 1.30939000e-04 834.20
11 1.00087611e+00 1.64886700e-03 607.01
12 8.40489461e+00 4.40227000e-04 19092.18
